Id,SalePrice
1461,121034.45861972595
1462,163475.0072777981
1463,182542.95647259147
1464,193780.19482760385
1465,191400.60928184487
1466,171690.523950369
1467,181206.6240789221
1468,165728.85492735344
1469,186018.8968721461
1470,122729.60989984444
1471,198315.17595325262
1472,94724.82116866016
1473,94126.76559502751
1474,147569.1862045898
1475,117279.44074353759
1476,385917.4136657252
1477,250853.20231829397
1478,280689.37096765824
1479,279015.4959826747
1480,473272.5370050605
1481,339505.18616573524
1482,205416.2462497711
1483,174647.59605482593
1484,163046.04581478654
1485,178022.35337015116
1486,195108.8784518926
1487,335904.4129493078
1488,236543.34370022244
1489,200493.41157472925
1490,228638.3756698518
1491,192743.85131450405
1492,93282.2985308771
1493,176827.8988521732
1494,290313.4043704801
1495,291434.47000014246
1496,227657.50142800302
1497,184865.7916046672
1498,167294.1459138739
1499,159842.90010617784
1500,151970.42657339256
1501,172282.58705591765
1502,147009.36421522274
1503,297121.3846075037
1504,242879.27492684094
1505,231434.85975113354
1506,184179.87174873566
1507,243665.01020170958
1508,199437.7948504445
1509,158307.9023883862
1510,142040.25025274674
1511,150624.329059669
1512,176241.0643009449
1513,142668.17665745108
1514,165044.4524814788
1515,193929.71510897565
1516,148946.95743189054
1517,167744.29619156147
1518,132037.36708583028
1519,219848.41747276153
1520,131329.24079237052
1521,131093.63950204483
1522,172115.88688357867
1523,114621.20721100525
1524,124464.3025937169
1525,124183.38021470544
1526,113960.50681656107
1527,105761.40358293353
1528,136427.3696100359
1529,143445.34571509954
1530,183074.99284170914
1531,102561.57545048167
1532,99154.70640846706
1533,151054.5569301976
1534,122645.99585132244
1535,152305.599937972
1536,111592.64236178444
1537,67566.44289468977
1538,153904.77406536683
1539,188031.4067090787
1540,87985.53016193003
1541,142731.1527398005
1542,141102.40074727157
1543,208007.30865440104
1544,80378.92100006313
1545,111229.40732528106
1546,130499.80795131046
1547,127735.82560215914
1548,137055.4696590645
1549,113109.84439618237
1550,135763.8179065228
1551,114309.80961776701
1552,137781.41813245305
1553,151595.9175477418
1554,115721.22579068564
1555,164801.16768103206
1556,85662.50388273013
1557,110327.97461320952
1558,94227.15881813562
1559,68811.79878103975
1560,133049.47825190352
1561,141648.94320075528
1562,132629.35017159578
1563,117433.02167248588
1564,162943.73567767834
1565,147917.87302192624
1566,248003.97550028947
1567,74082.82301408374
1568,224199.39863678667
1569,140734.59409829168
1570,136855.91454582426
1571,114673.63573483627
1572,144226.77555273412
1573,239100.52617374505
1574,108613.63497836875
1575,231130.61610557677
1576,248116.22218952997
1577,185982.74091903208
1578,144055.81049698396
1579,152362.01556562376
1580,195262.9871772763
1581,157751.4499582594
1582,126272.91244628392
1583,314635.4591947362
1584,226848.47533796844
1585,139336.1543528725
1586,66528.5605533297
1587,93927.50394324372
1588,147736.2648083848
1589,99858.1744781915
1590,132252.49543510017
1591,95932.00119216098
1592,113983.3293585944
1593,125583.73647976521
1594,140800.37368569736
1595,108582.36862134458
1596,250301.19517458574
1597,192058.71993994058
1598,215912.3704001528
1599,165567.6555552672
1600,158914.2332928961
1601,64521.26374741484
1602,115982.45291223047
1603,74097.08765967161
1604,265077.19310210634
1605,245848.87346450982
1606,172013.14234740456
1607,171748.75487686225
1608,211452.4472264776
1609,186102.177079633
1610,151789.5389165408
1611,134232.8986322647
1612,165665.9341624875
1613,166167.15561328386
1614,128656.48887314192
1615,89113.71633384524
1616,74030.73327555851
1617,89198.4906468821
1618,120175.95939983275
1619,137213.52217530538
1620,162834.3173748667
1621,137197.67934988902
1622,143986.9605759424
1623,295492.5847398196
1624,218068.07115569146
1625,119448.2856095387
1626,162164.7336305429
1627,187897.63376948689
1628,285564.3548738207
1629,173537.95159159545
1630,368750.27727190487
1631,222856.68052506715
1632,252235.55299371475
1633,166608.75423514243
1634,189238.97548059822
1635,175602.20995985615
1636,149622.91789401695
1637,197926.61503059036
1638,186229.53927089376
1639,180645.33420176507
1640,265191.98194706143
1641,177398.99838685477
1642,238907.18748106362
1643,223607.59532973455
1644,238561.74431718056
1645,203770.74159194215
1646,159710.8577767515
1647,152150.12445920787
1648,131074.94164386738
1649,140241.79564685773
1650,112313.88841742747
1651,123916.04265759577
1652,95685.26237704285
1653,99456.22500464506
1654,147972.7544804181
1655,142235.39159854295
1656,144453.15871195836
1657,149191.84447740007
1658,145870.47186131778
1659,121639.04145291839
1660,153539.10585250196
1661,408654.42805979366
1662,420851.9739711747
1663,390859.2648819184
1664,441573.2278009808
1665,313910.37204748683
1666,323032.4566595816
1667,357504.13512743317
1668,345666.7580199521
1669,298073.6451822862
1670,354701.88014900807
1671,262044.69163831745
1672,446276.9438407391
1673,290420.2698451273
1674,243519.88769749593
1675,194021.05079826486
1676,193455.23132511327
1677,222741.71756754266
1678,443168.13145367726
1679,384533.61245030933
1680,352191.27807038475
1681,249742.09649086825
1682,307068.06553442415
1683,178962.38734310155
1684,171060.89460978578
1685,171282.35533676826
1686,168243.1308549073
1687,165595.23120847033
1688,190011.98733706435
1689,194651.95944511786
1690,191557.74619088357
1691,181178.42102135456
1692,260427.2527266433
1693,163386.54015766596
1694,181449.43363484927
1695,162046.60284939405
1696,269191.2924471444
1697,166758.15626287152
1698,361488.8528807567
1699,322921.4304904476
1700,251484.13237659013
1701,273311.99253978266
1702,242673.3202779873
1703,251450.33750516642
1704,289366.39468570164
1705,224543.14967197372
1706,409761.0244139184
1707,213312.92988547683
1708,206940.22774518875
1709,280972.413841755
1710,218004.5884791811
1711,260245.40597997207
1712,260042.5776458374
1713,288321.0058558263
1714,229631.36190710892
1715,206392.54429453713
1716,181892.00501718494
1717,171802.77120081414
1718,134524.86811824547
1719,202231.15335726773
1720,244574.64617267597
1721,162350.57621643622
1722,123273.13500529889
1723,156057.72286346232
1724,213138.75138059282
1725,233527.1263041533
1726,189823.37682917734
1727,156976.80383699076
1728,173248.22249767973
1729,162118.71999425744
1730,160522.63520498545
1731,124408.38902193704
1732,126842.46103027112
1733,113977.67693913492
1734,120476.5460560644
1735,131095.37035224627
1736,115799.4184865684
1737,328816.2987812205
1738,239656.71299346592
1739,254558.44730241224
1740,215021.11959822237
1741,193939.53013281611
1742,171264.89808432353
1743,178629.85483353413
1744,327367.7782933755
1745,215134.95599053713
1746,182803.88877117043
1747,211626.22879816176
1748,224204.34049642528
1749,153570.51821064885
1750,128936.53238563486
1751,255850.9263845957
1752,120712.76929443046
1753,147199.9504124733
1754,191153.08806443165
1755,170348.68689764672
1756,131830.49428788657
1757,120226.02792756431
1758,144744.743876792
1759,164389.78471568468
1760,167152.358614823
1761,144076.11689502155
1762,175311.47514589818
1763,176914.4310028695
1764,116933.7658459984
1765,174096.80086605667
1766,179898.6628380923
1767,226189.38567367985
1768,144999.30647780932
1769,180398.92602878012
1770,148469.55087040146
1771,122992.96133430419
1772,141642.23765041473
1773,128976.4765652769
1774,138416.28781245957
1775,136134.76128681813
1776,121382.93693154718
1777,111956.7070054198
1778,139651.041380175
1779,115614.44803628854
1780,171632.74489865665
1781,129050.93849428138
1782,82350.44636267147
1783,145629.87230076938
1784,107002.93192202206
1785,123974.19327769753
1786,137024.56880757495
1787,167833.79970098188
1788,57203.71905389022
1789,101131.72574497024
1790,75433.23450851903
1791,178467.84211394066
1792,160088.91690094545
1793,134199.7806167549
1794,152265.22607207924
1795,133248.37106039005
1796,116760.23362167741
1797,116851.69411810934
1798,120191.56019456663
1799,111591.99809760215
1800,123323.18777468908
1801,128957.85520906113
1802,127541.73248234278
1803,147506.95043269062
1804,146636.77519713252
1805,137760.97203961198
1806,122384.99655830611
1807,129266.86596234415
1808,114497.0982382323
1809,121335.85623852121
1810,142015.06014238746
1811,96987.99405141467
1812,98641.4936423191
1813,125754.32868378122
1814,99684.95770113391
1815,54997.78854439328
1816,99958.45746421322
1817,109156.49119657672
1818,146144.25524929023
1819,123734.73690567544
1820,49615.7930579023
1821,110679.1304062022
1822,151219.1866896343
1823,41870.94058393196
1824,133660.62280525442
1825,132779.16542555392
1826,99040.3450306866
1827,101873.06930973404
1828,137825.9297751332
1829,123387.79084788031
1830,137709.42229994273
1831,147300.77613489825
1832,73562.86172367861
1833,140728.89556560165
1834,118114.86284840011
1835,127740.2804297122
1836,125999.81154314816
1837,91357.61284481465
1838,128821.74492416515
1839,93595.121330596
1840,163862.28516643893
1841,146287.4786435708
1842,79224.31892260711
1843,127966.55494959955
1844,131462.2481899149
1845,141789.1809597602
1846,156243.9045025219
1847,163703.14248598475
1848,55400.54201816176
1849,102257.22223210231
1850,113428.96091810249
1851,150685.46131701267
1852,126308.03791060092
1853,128730.35855467153
1854,167818.26508176178
1855,148614.11266204063
1856,222440.2166122342
1857,142283.18079366267
1858,140856.94979512703
1859,118905.73702817687
1860,145331.48471095052
1861,117043.82617200783
1862,336976.76858959947
1863,316289.76740618737
1864,316325.87415263476
1865,341077.61006893305
1866,344959.97378295497
1867,235994.24255354833
1868,298302.2032053141
1869,205927.69559451414
1870,229514.1370511509
1871,243376.0905910755
1872,170254.6379921687
1873,242400.67957078182
1874,146888.38733841
1875,199177.33999864524
1876,196092.41180683073
1877,209381.43628757822
1878,188045.42442172306
1879,126351.22551782052
1880,134612.94540258218
1881,248841.95131041633
1882,259711.43493902925
1883,189606.8374113851
1884,205190.00872570803
1885,237500.21917256925
1886,296819.91767120524
1887,205555.712328622
1888,281926.555241655
1889,163580.68528536314
1890,121580.74486569289
1891,134012.28057374945
1892,100934.1126942394
1893,126953.51428123828
1894,124032.98813304731
1895,135885.1902359898
1896,125163.39933856727
1897,116978.34089616458
1898,110025.99964665566
1899,160662.19772572993
1900,159738.16021289985
1901,174862.446222632
1902,152990.04759740052
1903,224535.45094033176
1904,140761.8324297822
1905,206130.87160757478
1906,156123.67729331498
1907,199976.23888312772
1908,104334.4668360835
1909,132618.62961270765
1910,117419.56547555917
1911,214393.94638930503
1912,344222.22922461794
1913,145584.39648217428
1914,51397.111247377856
1915,318260.33525285614
1916,67132.81546120744
1917,255329.36138124228
1918,141179.67377711748
1919,180315.6203972244
1920,149444.08359020212
1921,412914.070024368
1922,325503.3323144364
1923,221455.5447324837
1924,238870.23376497417
1925,195762.38750581694
1926,392890.74145865865
1927,133818.3718739346
1928,153657.84238453992
1929,126612.07826263506
1930,129585.6941301869
1931,143761.05697204982
1932,139323.49312569402
1933,182474.14656347036
1934,180851.0854737118
1935,169492.00548644437
1936,189315.90176077263
1937,182943.47612211158
1938,175199.00061141475
1939,243428.82366988916
1940,190100.99483811285
1941,168342.21309972403
1942,186905.63949859623
1943,208394.15857013242
1944,363092.2400517466
1945,401382.98405928386
1946,130873.56677750652
1947,325333.56090643775
1948,154657.99743745825
1949,255925.56117037477
1950,188272.36969838335
1951,256931.75249588068
1952,227428.58019086608
1953,167485.36709545986
1954,188405.7345748773
1955,139274.11745062392
1956,327400.5825601062
1957,154930.8706563583
1958,308660.8493214824
1959,144263.14282760787
1960,116763.21074777449
1961,122048.12176146204
1962,96182.81351595015
1963,105203.07343641507
1964,108978.62460878682
1965,148117.74454401317
1966,139599.39551863022
1967,280483.1079020328
1968,439501.1135493458
1969,399450.88923319697
1970,443263.17830213497
1971,459102.40688260214
1972,399667.61253404146
1973,268193.039960966
1974,325597.8551223611
1975,499498.5949466354
1976,265051.92399134795
1977,343139.2078815275
1978,354553.1932128294
1979,339248.47051515814
1980,202370.56142189555
1981,355096.3738042931
1982,221039.141281163
1983,201462.68177113528
1984,169278.7344918459
1985,223118.70102614476
1986,208899.23632654067
1987,180596.8755028408
1988,175251.77114496438
1989,193468.5387810341
1990,210387.48836762205
1991,239740.33044033303
1992,212831.17371434285
1993,167388.47476696782
1994,234107.91179462886
1995,184335.92609959058
1996,251883.82429477855
1997,326174.34534760116
1998,333216.56846706534
1999,263192.1582070661
2000,320539.08496420685
2001,278112.1079703692
2002,242482.36319685052
2003,261999.5350391887
2004,279378.174109084
2005,218832.26931184815
2006,227660.08949167826
2007,259056.8427706801
2008,215682.09988689978
2009,198638.38501349
2010,195158.5675823077
2011,139471.97301847482
2012,171988.63630247436
2013,177528.79799378428
2014,184914.12781396543
2015,198807.36923087313
2016,194868.9218371818
2017,194697.29014060745
2018,121246.25631873563
2019,133121.85262521816
2020,114475.06598839487
2021,106559.44546665296
2022,182640.49243112997
2023,150457.10781213018
2024,258923.32207091473
2025,372005.65695498255
2026,172105.44977029026
2027,156058.98625587756
2028,153735.14767810996
2029,168118.67740695778
2030,281405.702071376
2031,232060.54370162525
2032,251523.34120533813
2033,269498.34882956365
2034,165419.20663807722
2035,213086.40738266517
2036,195314.07226176717
2037,205199.7680604156
2038,311917.8167110145
2039,203767.95892508855
2040,278515.87913497427
2041,323243.53683649923
2042,208731.7378499923
2043,173807.43092955695
2044,152220.93076654634
2045,221959.64818449263
2046,139587.79325542192
2047,143195.65972506453
2048,143137.40662414362
2049,140332.8785050177
2050,181070.35980938346
2051,107543.09468253831
2052,126991.6161518967
2053,148090.98016497132
2054,82099.45343754604
2055,155082.30819176248
2056,144873.08280644752
2057,114787.04758083465
2058,218636.21740863
2059,135382.0818193848
2060,174027.45502685802
2061,178113.69421863733
2062,130677.71364045714
2063,110600.39933012746
2064,140048.89094528134
2065,121234.43655397356
2066,166444.57679238505
2067,104303.64606730282
2068,143386.9345199581
2069,88342.58543671558
2070,116330.42055876889
2071,94781.52257201282
2072,133855.20020931243
2073,135449.93827406922
2074,189978.15069279744
2075,148178.50314631374
2076,113942.41178325046
2077,151587.55913211236
2078,123992.05692626418
2079,137032.6413936267
2080,118226.9556008318
2081,124254.32286785291
2082,118310.00642436156
2083,146651.7524997387
2084,108092.54273017347
2085,118362.4223036258
2086,109692.43953452427
2087,119205.79335381991
2088,95941.73947616137
2089,74653.33544989895
2090,129894.48831763038
2091,116238.64041933979
2092,121396.29878165227
2093,121332.00346312107
2094,113819.53007955471
2095,148892.36057107314
2096,76342.4414250221
2097,98045.70287517962
2098,146426.5827425484
2099,54259.6261389239
2100,77612.78524630387
2101,113513.41189154302
2102,127908.87041467059
2103,101327.54485235682
2104,137782.45766987765
2105,128030.27614147258
2106,68920.57516114714
2107,206505.89089149766
2108,114962.30015035087
2109,106998.6710698716
2110,136592.13717744
2111,144230.96226489363
2112,143948.38042408612
2113,121738.34251192327
2114,114316.41781122646
2115,169104.97617798444
2116,118441.08039552832
2117,153764.73696720114
2118,121887.71401663547
2119,108781.08649721082
2120,112410.38839415583
2121,117288.30361717468
2122,113810.90562026753
2123,87900.11108705676
2124,163527.107127639
2125,126626.09159786584
2126,149047.0368224563
2127,158176.96422397398
2128,127710.97779990801
2129,97954.5663066938
2130,136123.12141853097
2131,139698.49144404958
2132,120079.35605563672
2133,124305.76193040845
2134,121693.2172065048
2135,91680.71265771678
2136,78307.84812757165
2137,110884.5259459088
2138,131271.66308659306
2139,150646.3490887529
2140,141664.14493711904
2141,148493.30346087014
2142,123866.5430767321
2143,143820.95186210272
2144,115550.7138795834
2145,137040.97679923952
2146,169639.46899747074
2147,132936.67680884528
2148,137737.475702084
2149,150126.2358634214
2150,229518.45555182124
2151,108220.40132701832
2152,166354.42853185945
2153,169538.54443738132
2154,106464.26119558285
2155,138079.98960809497
2156,262147.15224011615
2157,239768.12851727536
2158,229510.9352322042
2159,208106.66945811684
2160,177481.68494974435
2161,242124.61385136095
2162,395975.89537797926
2163,347580.39627421106
2164,244615.88368272418
2165,197060.13413295854
2166,152377.41294893835
2167,217588.90960681453
2168,197977.30977712802
2169,193065.1175115832
2170,221043.07007607512
2171,153475.33287455395
2172,132286.8077838803
2173,166607.49434165732
2174,228621.9444880629
2175,301317.0424062425
2176,307268.213497906
2177,236283.25980759758
2178,212227.25881195336
2179,139167.56111110104
2180,222017.7115637448
2181,190281.37895655222
2182,224137.33708755719
2183,191790.78851419166
2184,119247.87915863426
2185,115717.39290023792
2186,145160.9011805705
2187,148599.24665281488
2188,155376.95029844865
2189,277510.4832982437
2190,81994.26434791113
2191,83628.54123214964
2192,91640.95198139788
2193,104568.42404470162
2194,102552.9077507719
2195,108799.51746478534
2196,97773.30293211546
2197,122115.00430016467
2198,157902.48916246244
2199,188474.2926605399
2200,156487.35015920614
2201,152912.5398532286
2202,212168.41360802515
2203,136052.23860689034
2204,189881.98978738626
2205,122513.13205301635
2206,143021.19078922234
2207,194799.07693250375
2208,267512.20940226
2209,213122.915918669
2210,113400.58287524438
2211,117404.32875582558
2212,116805.21071359664
2213,105583.42260045178
2214,128899.55976580811
2215,100485.77608482554
2216,147530.06866609707
2217,65877.28176106041
2218,62960.313792952904
2219,56330.51240578453
2220,56558.35637292423
2221,315357.09494876495
2222,282680.21865432063
2223,299955.5300584381
2224,214540.40137030545
2225,124965.96541072457
2226,185563.00422372232
2227,200854.7074225018
2228,258257.844974458
2229,258258.54665584498
2230,151852.4382165949
2231,213408.2949935854
2232,178339.91925104146
2233,180498.34660459004
2234,230878.6738965316
2235,218741.04998829018
2236,272021.9599454485
2237,333940.3217255921
2238,205885.2161287411
2239,111107.85921683653
2240,157130.53017971295
2241,165770.037406289
2242,127960.37750449666
2243,128786.49798494445
2244,106158.64260506972
2245,98683.55047360755
2246,143216.2560259493
2247,112346.09320020283
2248,121220.42763689799
2249,121347.68976803415
2250,130749.28139603876
2251,97264.06389582911
2252,175141.00321566247
2253,148515.6788266195
2254,169688.10853917513
2255,188348.29362261549
2256,178834.20953290304
2257,205930.50262768072
2258,159393.43404841077
2259,174148.22469879038
2260,165500.15248887235
2261,186289.75048164418
2262,205943.98423212918
2263,388851.6782389818
2264,449618.9840982672
2265,176784.4289615752
2266,314331.8769672631
2267,370212.09213565197
2268,434124.2337790229
2269,151368.7927103404
2270,189066.63899722107
2271,222701.27372130734
2272,190909.80015234606
2273,164277.23020721396
2274,181183.94582502908
2275,166289.62248757918
2276,188233.45913442763
2277,183816.33934329593
2278,144991.78109448717
2279,131536.70914968604
2280,120215.27714596027
2281,165743.643841268
2282,191751.98656574843
2283,104664.33532528492
2284,110694.25728044909
2285,141555.71952196062
2286,125592.0922274833
2287,366353.4323667167
2288,268667.80634494306
2289,389815.2100032418
2290,476171.6182313922
2291,326414.29087231867
2292,460166.8402264786
2293,463763.7222105925
2294,402085.25425253325
2295,473159.0636950853
2296,306723.3325567186
2297,332293.4610259441
2298,330316.10216640536
2299,371991.878708067
2300,344952.75068051205
2301,294106.5830673128
2302,250985.89554629356
2303,242840.8275130825
2304,245206.33018926386
2305,195113.67456736963
2306,190961.2205218406
2307,198686.62038728973
2308,226602.11521445223
2309,284811.733175262
2310,204493.196202201
2311,200621.23547273962
2312,174923.50267281808
2313,173348.0987754087
2314,168179.8398549124
2315,177579.04094633026
2316,195914.27831483327
2317,191794.6982915994
2318,181387.7004990668
2319,180409.33743218007
2320,188024.18578377884
2321,245404.95747285246
2322,176584.9367410832
2323,186558.5663778921
2324,171857.2722130426
2325,219893.57111034874
2326,167214.21090948256
2327,204408.47620779581
2328,221642.4581337853
2329,191561.9274378451
2330,181715.74976952252
2331,364506.1824926376
2332,393772.6673451663
2333,333749.66062260716
2334,257551.75006264713
2335,263008.3350524151
2336,326356.2727940323
2337,204665.73476059738
2338,272662.0054831092
2339,213779.93870446223
2340,409884.16268007166
2341,222384.20267081202
2342,236879.81661700792
2343,232279.82586204814
2344,209436.6882084497
2345,235901.6607907158
2346,214349.027972796
2347,200824.48182847994
2348,245164.01366506657
2349,183098.66274151177
2350,308047.5856878
2351,265362.0199536485
2352,261704.16506854125
2353,245946.14270733533
2354,137601.11118356147
2355,144735.371826407
2356,153210.7548013778
2357,192577.28523822842
2358,192870.5023036135
2359,133786.1525419059
2360,115663.98920819745
2361,143253.97365295026
2362,281703.18741906807
2363,132751.72339080914
2364,154050.48107854166
2365,225264.002809338
2366,185069.76199977004
2367,225795.36496829102
2368,215962.0913831308
2369,222807.5732107728
2370,169690.73646243487
2371,170319.6174471599
2372,196253.8602137153
2373,283860.7865139724
2374,329372.3279484703
2375,248831.846056568
2376,302358.66801912966
2377,356572.64091896004
2378,138305.26976311978
2379,194499.16439661817
2380,149107.21783372515
2381,170265.046006266
2382,203825.6632575486
2383,210981.0291997494
2384,254725.41486647708
2385,163985.98003745227
2386,136473.33319374605
2387,136403.02067066391
2388,98915.60022975388
2389,124516.7603941206
2390,141206.2775315516
2391,141846.12635865694
2392,115854.41903829653
2393,170444.95015122302
2394,141975.5045803622
2395,206461.33361588317
2396,148828.63342637822
2397,223711.68914525388
2398,132659.09313167183
2399,61685.1695860483
2400,55177.33979664523
2401,117081.89506367319
2402,139037.7691659549
2403,140112.53403938614
2404,150727.73884214577
2405,159175.29382712682
2406,144035.6632058317
2407,127651.13856111586
2408,142441.45700118088
2409,123743.85830043895
2410,169816.3616832312
2411,118293.4185197839
2412,157373.28788761402
2413,129200.07158723308
2414,146295.57977226624
2415,134779.09781776817
2416,128161.31944687254
2417,136615.44296819472
2418,131832.0826339697
2419,129337.12086231857
2420,125252.53753317693
2421,151258.19483473222
2422,110434.12955037474
2423,122885.53413410709
2424,154701.5181634615
2425,194976.13491386818
2426,130625.68274043764
2427,137801.71376314483
2428,178352.39423128738
2429,118610.3329009563
2430,134067.63218283484
2431,100887.76416868332
2432,138483.52025555662
2433,143380.2303572048
2434,130261.60733025923
2435,149754.6218401586
2436,100975.09805873466
2437,111895.59809187111
2438,125820.03067911403
2439,108873.11000199593
2440,121107.20251356078
2441,93029.0009855813
2442,95381.3454890658
2443,124081.54125246487
2444,127818.5254452103
2445,82649.7526811418
2446,133624.68531601684
2447,177519.44845398297
2448,130564.06498070013
2449,107123.77877343317
2450,154289.57093940533
2451,120878.19076358878
2452,199874.41230965545
2453,90905.94927813411
2454,116847.06479952611
2455,117941.47193015918
2456,131318.12722610822
2457,128401.99730776997
2458,123520.94280246666
2459,111824.46013523279
2460,141105.6978245758
2461,123937.41186621222
2462,136459.21094522116
2463,124245.4957569461
2464,172590.98177708592
2465,143927.7777707788
2466,113551.95420955321
2467,133191.77541065062
2468,75848.83789457509
2469,74535.40320523141
2470,189200.26850070528
2471,217858.66723872247
2472,163662.07222711312
2473,118590.82612535046
2474,81057.37290238506
2475,226531.47439876822
2476,116988.34300649585
2477,129957.05568558839
2478,153261.44564065395
2479,107519.61823413483
2480,156869.00100745287
2481,124164.72611214354
2482,129952.90051197578
2483,113976.86691122597
2484,123151.88073615656
2485,125876.7697235511
2486,145709.47711939443
2487,171542.73692559492
2488,161691.97550222944
2489,151386.06213724572
2490,147446.55336822558
2491,92668.75138516512
2492,188685.68110597128
2493,141958.46676005103
2494,140862.9632181354
2495,88515.4959092809
2496,245919.83297909904
2497,158309.86715131564
2498,106834.37078118097
2499,88650.40481299255
2500,124684.49774819716
2501,133052.1259763171
2502,145338.09410347586
2503,96775.59827380421
2504,180237.38777344223
2505,221628.01336433084
2506,253053.56004809318
2507,275441.37136232795
2508,254504.10658635848
2509,216479.0286692192
2510,220686.13031521445
2511,173686.57231409935
2512,208083.57876371848
2513,219035.40131789653
2514,257420.70099903847
2515,149369.81402884025
2516,171505.43104888423
2517,142926.7103840438
2518,154884.6257156901
2519,223964.43377745818
2520,208162.74341269393
2521,187671.61326953166
2522,222520.07753127866
2523,122215.09302042052
2524,135767.26360289782
2525,146656.1962918177
2526,137480.41703067307
2527,117306.47011592005
2528,129383.50727816546
2529,140967.27274055357
2530,120276.90352037187
2531,257731.50666761448
2532,228398.69779293833
2533,195751.8336203425
2534,235643.14848222394
2535,310063.91880607064
2536,231511.7548473437
2537,231900.0149351702
2538,182873.785024885
2539,190747.37762937698
2540,178808.50523689075
2541,177208.01477858485
2542,166235.33645242182
2543,125340.33344638057
2544,125090.91118984314
2545,137746.71311242957
2546,125685.70324483699
2547,133871.03113803122
2548,155315.22663691043
2549,158946.8329497184
2550,282501.30951209634
2551,135812.30488872022
2552,126647.26113374266
2553,76877.61075348726
2554,100193.01964440073
2555,117693.08100491461
2556,97145.72955305515
2557,105242.48700494097
2558,160484.13565226598
2559,140895.9847339803
2560,153207.72711047457
2561,146566.4464438644
2562,137979.75587851662
2563,154355.9102508937
2564,204871.6656133508
2565,140319.5241324651
2566,165490.51885743326
2567,142228.66230920155
2568,203748.03511928205
2569,216448.9654526258
2570,112436.53787181122
2571,191701.90002035932
2572,150527.94581283617
2573,224706.07012615012
2574,277535.3071978917
2575,131340.09015784034
2576,125193.16478023848
2577,155990.9845288757
2578,83047.45577556548
2579,61237.784482479
2580,101281.9604542669
2581,97412.5006121741
2582,95441.61471142905
2583,291829.3296054536
2584,175563.25355962367
2585,181805.63445474932
2586,217111.21483801154
2587,193744.7603020581
2588,145146.57784312975
2589,148871.91370313827
2590,213609.75419806302
2591,217788.2028554306
2592,221001.54781303546
2593,258744.40365627073
2594,180646.1451634075
2595,194831.89428543576
2596,303417.4056977499
2597,179231.27142257034
2598,296463.27023022925
2599,316753.10950467904
2600,147328.4753097281
2601,144698.70852179575
2602,81882.63981458556
2603,94194.93079424369
2604,87401.74656440195
2605,78657.77425332223
2606,145394.72397524558
2607,210961.70517203872
2608,201114.31450464978
2609,168246.9191029811
2610,114091.9177410145
2611,122214.97376194638
2612,155464.10177319456
2613,128410.72888210963
2614,126598.60731087698
2615,155251.1310877946
2616,146324.6581981107
2617,172038.15045229552
2618,195141.67803748947
2619,203219.2492089993
2620,186020.62623657382
2621,176617.30859349453
2622,181029.63808531378
2623,240019.65604137335
2624,311752.3699111674
2625,304085.87196180265
2626,173711.4552164084
2627,162565.49080644842
2628,491494.64278526936
2629,509720.01744032785
2630,361686.22867341473
2631,471298.6903311492
2632,448027.69633065496
2633,320771.16726414586
2634,444727.2042267505
2635,160127.78049360204
2636,173462.0166475976
2637,170718.99093592467
2638,270080.03615053586
2639,183581.74078082608
2640,153829.63146319395
2641,108434.92182852847
2642,194481.6114263443
2643,98769.95425385282
2644,123087.60165028843
2645,105825.45587964218
2646,94083.6778231917
2647,104511.91910193612
2648,147336.21152592823
2649,151137.588562857
2650,140483.85314562058
2651,143141.32842844253
2652,417399.69627448823
2653,254877.278419878
2654,243158.6042887152
2655,402906.91813454666
2656,326410.7695858053
2657,361602.15806942305
2658,306490.2043283039
2659,301456.8031214001
2660,359169.58658302395
2661,354657.56661311066
2662,354889.66124467057
2663,288511.01705618465
2664,271183.6430891034
2665,332694.76384566684
2666,286321.92330357427
2667,167713.5426186339
2668,174451.8030265382
2669,181749.11980940713
2670,282738.8435491716
2671,182268.19679366707
2672,192528.7294871871
2673,203919.3644070876
2674,199714.43923844848
2675,168976.95971372703
2676,190645.63181252035
2677,195028.92694304846
2678,264808.2506592741
2679,280378.79605360137
2680,287140.8504536471
2681,416123.55877007096
2682,320908.774362925
2683,553206.368418035
2684,322965.17061818595
2685,339305.7921690882
2686,252289.11500130346
2687,318388.61296423903
2688,214750.95424207347
2689,202653.12143783603
2690,442117.7459910054
2691,191509.77888569993
2692,134724.00834507585
2693,196696.22827419997
2694,134386.81619089458
2695,192618.08818501327
2696,183914.62640024707
2697,186586.8908187226
2698,186346.77725058977
2699,178498.38386448164
2700,156726.6445379441
2701,147251.67324153334
2702,113238.27575956997
2703,122922.09659744914
2704,139214.44627109027
2705,114844.88182921769
2706,117315.96885615117
2707,122351.27023897252
2708,131291.49166413728
2709,108190.5277282392
2710,125967.27114988034
2711,294203.55043370463
2712,386896.9847914983
2713,166982.05984751653
2714,151664.75633754922
2715,172177.72905084325
2716,146202.43702649884
2717,187025.58983744247
2718,226240.072587007
2719,158204.68152737364
2720,175424.7617853867
2721,132370.08158167865
2722,167544.58159612876
2723,142328.68165050796
2724,128620.52304399377
2725,130860.27330526302
2726,148136.41674306671
2727,179809.45166415224
2728,172350.67929899498
2729,151518.10022518985
2730,147102.6150939873
2731,125337.63920243595
2732,125257.68534325145
2733,161616.56137482423
2734,151062.496250229
2735,133644.44576127655
2736,142360.41449317464
2737,122058.48510488085
2738,137652.60182323027
2739,162275.06864528896
2740,132164.36921546567
2741,137941.6334891329
2742,148199.00248208275
2743,156171.13059609116
2744,162002.10439585499
2745,142157.72772373818
2746,136995.73116061944
2747,140489.34140953363
2748,120373.4769641725
2749,129983.53460421711
2750,137858.4549235344
2751,133765.9210423794
2752,191453.31429227826
2753,153508.05348025198
2754,205651.40524582716
2755,132210.26664303752
2756,94116.65759512704
2757,70816.83848094929
2758,84123.8225292349
2759,157299.38337477462
2760,118209.16856739242
2761,146351.092950857
2762,145709.713288453
2763,183156.45960293568
2764,142888.6687145291
2765,308243.89112758054
2766,132656.75168978708
2767,84366.52006419592
2768,127748.57744809409
2769,127580.54678236353
2770,143579.41722329505
2771,112675.91650074747
2772,113765.14680093869
2773,161718.06791812598
2774,138312.48375662955
2775,113199.75785011808
2776,139073.97344986556
2777,142069.9400721902
2778,105990.49057811218
2779,121315.28639343077
2780,100521.94706003195
2781,96893.06164844744
2782,94148.39938173117
2783,96593.58556008842
2784,128581.31836806686
2785,137654.6936030836
2786,63983.39925420637
2787,122263.41310532567
2788,74636.82710385846
2789,180459.3302087062
2790,94854.77122029639
2791,115842.38890010296
2792,57289.99339367516
2793,166382.97804925882
2794,94532.03898102728
2795,116000.12778084958
2796,96182.50418645826
2797,189247.69939242525
2798,107781.90652376703
2799,113570.57491891427
2800,67337.61921799343
2801,111666.80589775534
2802,129595.96446367643
2803,154581.1072633874
2804,137260.98062219468
2805,99332.60245192816
2806,81380.11976961429
2807,159506.39239007694
2808,150359.1298163296
2809,137045.7216085833
2810,128947.00950802046
2811,157025.9695785968
2812,152815.24638609483
2813,155459.7861207698
2814,155613.85750753406
2815,95257.57687376533
2816,251689.95498877612
2817,159271.76262992772
2818,131246.22014323203
2819,168577.79878572412
2820,136102.99440552178
2821,99977.6048136154
2822,196637.48809554035
2823,296821.1007286511
2824,175942.49898360425
2825,144725.42519016747
2826,128484.61356097371
2827,135280.4122918157
2828,220373.15422518394
2829,226700.36257305022
2830,230166.90703240733
2831,172631.81833396322
2832,246697.39615435863
2833,299049.5860568831
2834,218114.82926810012
2835,224872.95356425986
2836,190330.10572139674
2837,159321.55803342734
2838,149852.25174855575
2839,172962.1586064986
2840,196643.5582452871
2841,201528.39375652678
2842,233127.86800349614
2843,150399.00597250235
2844,164979.1293008999
2845,123883.58382985347
2846,208044.5138220399
2847,197490.0961295836
2848,215273.45486889617
2849,199230.10351290266
2850,284248.4641804532
2851,219500.99463837306
2852,237217.9405324581
2853,239562.05390580234
2854,139466.59041943288
2855,201799.2485211199
2856,202544.65674478273
2857,189434.70685310898
2858,208177.0601566636
2859,123771.60288982077
2860,127536.22741540938
2861,126914.24381075829
2862,185249.34254742952
2863,130286.8985830003
2864,242372.53500397978
2865,138914.60125848392
2866,134042.35057364215
2867,92782.61135631928
2868,97739.88182167699
2869,101583.27569534763
2870,126907.47517229787
2871,84145.88399772519
2872,52573.92335782914
2873,102682.55056115046
2874,136217.7411902621
2875,122074.86246978813
2876,161620.3453537819
2877,140717.3559081987
2878,169881.81508063627
2879,139339.67375863594
2880,103764.75755279399
2881,162060.39162756252
2882,183471.45644879644
2883,210034.85969876888
2884,200171.01723747555
2885,193373.11537116388
2886,234759.47856236895
2887,94818.30460518005
2888,138667.82194300837
2889,58790.52095499721
2890,80033.42835278329
2891,139856.5495619099
2892,41907.348133346626
2893,74245.64123682548
2894,44339.88555617602
2895,334349.37690509844
2896,282869.5631597568
2897,203791.06801250845
2898,149690.87434317512
2899,206159.63964892787
2900,158939.1586243597
2901,205746.38804708884
2902,191833.48625439516
2903,335107.6446454048
2904,364223.058380915
2905,92625.35790332571
2906,205923.8160982
2907,108370.82567941437
2908,129421.8147434642
2909,147821.25540088743
2910,78172.3022682079
2911,78462.03205315887
2912,145073.83540777504
2913,83407.15315064343
2914,76149.36100113309
2915,84243.0410397668
2916,81652.7655701209
2917,162628.5275632164
2918,117778.00191695028
2919,219855.71915969337
