Id,SalePrice
1461,122853.12736865979
1462,164654.24967570533
1463,179866.3355437603
1464,194296.0375666526
1465,179493.78159508025
1466,172530.60866733998
1467,176786.4134032758
1468,165094.8583715309
1469,192210.00582171918
1470,119613.51454989666
1471,199780.115901873
1472,94883.44337767958
1473,98842.26162449681
1474,149856.95234970003
1475,117791.67874881257
1476,385239.61021257954
1477,243364.83581900471
1478,282169.79896519263
1479,278471.54176551994
1480,501854.4355815396
1481,349898.3185144838
1482,205836.3736735542
1483,172357.67351659507
1484,162196.5439763062
1485,183588.35539555055
1486,199585.32763448462
1487,331841.54571993224
1488,233684.89299993595
1489,199755.0061419823
1490,222137.774130957
1491,193324.12602942434
1492,89673.66199279447
1493,186380.73398027217
1494,287097.22968362994
1495,282068.81084588787
1496,233846.09641559067
1497,184614.85587477722
1498,163343.7031613182
1499,158661.4310487621
1500,157592.09618532416
1501,172014.49478012955
1502,148989.07482321613
1503,317550.5788045849
1504,246988.98462251245
1505,238177.7322116597
1506,177818.58285012096
1507,243484.94174855118
1508,196747.34591516238
1509,155596.52696118725
1510,150515.40231320413
1511,148582.37485123478
1512,175011.95303478194
1513,139523.68292027627
1514,168570.9513857183
1515,190723.57066235284
1516,149442.3492387867
1517,164849.94904555587
1518,138098.69294116218
1519,222411.28301756107
1520,134544.10763810197
1521,136569.95858967165
1522,168947.7709091567
1523,114957.11814950359
1524,126603.91692472913
1525,127211.89714117664
1526,123050.9678176931
1527,105046.51688406512
1528,134769.85852325577
1529,146450.1158856975
1530,188404.86887504352
1531,97648.59163405378
1532,99733.28027635124
1533,153421.06155514356
1534,123660.0985351887
1535,147644.6134458949
1536,106799.06605521061
1537,69863.7679330715
1538,158796.18727046152
1539,182003.40019147051
1540,80889.38460774881
1541,143159.21452439055
1542,140213.16506722782
1543,214568.22805608844
1544,81871.55369005808
1545,116781.06404585324
1546,128620.96601245596
1547,135522.23970554295
1548,139218.69909391724
1549,117303.30456120986
1550,137602.75164481043
1551,109245.90060764083
1552,137961.6292455558
1553,142850.1231584981
1554,117907.90814677095
1555,167994.94249229346
1556,94894.46592844781
1557,106572.40853754434
1558,91930.31120584089
1559,79131.147195075
1560,137494.33778514873
1561,145549.974330523
1562,133060.46366670984
1563,116711.52834714486
1564,155679.63158751134
1565,145796.44156237363
1566,248284.00720706943
1567,73239.44781218049
1568,230237.55977240697
1569,137355.80345707422
1570,138686.00040584244
1571,125930.17503889627
1572,146327.1196669378
1573,255813.52316501542
1574,105365.093107992
1575,218122.32099354884
1576,219874.1432712502
1577,185937.24682428953
1578,137999.6394934502
1579,148342.84619851486
1580,194363.64799769453
1581,158684.00177847233
1582,128705.27440382514
1583,324067.349312188
1584,230669.64538408458
1585,141384.36728277968
1586,64150.45851836156
1587,96008.98876958151
1588,151713.35477084012
1589,102743.75821568683
1590,131957.59162262967
1591,97871.58414760321
1592,111482.83200371856
1593,124231.79626005159
1594,137148.8367646447
1595,108500.24650029273
1596,260135.90756338934
1597,199035.2275440608
1598,203446.42887722372
1599,166055.36732829764
1600,162414.1614125327
1601,69605.83442754176
1602,109732.04225819695
1603,72144.34333553017
1604,284587.15867898276
1605,248408.31696172332
1606,179005.67244610706
1607,168149.0204283746
1608,212771.12760846489
1609,190373.86099569348
1610,152901.86293741752
1611,136789.11993309506
1612,165654.37029803492
1613,169878.05049714522
1614,133942.15595318135
1615,90849.31072937674
1616,79009.60017224593
1617,92852.30407972679
1618,125884.35653487421
1619,139895.9236415457
1620,170965.8665403217
1621,136980.19072336602
1622,145742.55629480418
1623,302288.3786631439
1624,208319.63310616257
1625,122417.39755546389
1626,165278.3453280567
1627,184990.42375606575
1628,284829.60944678244
1629,175703.4186504679
1630,365516.4718467881
1631,218321.36018210615
1632,251376.97112928136
1633,169355.41918239358
1634,188785.89325575312
1635,176584.74656985115
1636,151117.1783006359
1637,196707.69879469587
1638,195435.249433852
1639,180014.91004433364
1640,267069.7454935807
1641,167867.85192409166
1642,235820.40370341414
1643,228750.06185158054
1644,236243.47122454006
1645,192908.05111401057
1646,158764.30070856735
1647,159944.9691997488
1648,131542.36998042092
1649,142096.17721197222
1650,118205.60582945152
1651,124969.6430746115
1652,99253.68952566554
1653,103119.47710670227
1654,147573.90590331116
1655,145025.87874681852
1656,145101.11441984965
1657,146159.0073244807
1658,145474.5189022157
1659,124264.44897908659
1660,148208.5045521804
1661,370013.6372366837
1662,423671.16562660865
1663,393632.9642245065
1664,387315.8756778533
1665,313589.2913459681
1666,319804.63043714117
1667,356918.6246928197
1668,338762.8535409433
1669,297959.9553654017
1670,350011.9858191108
1671,265235.5854459351
1672,481328.7778199188
1673,286412.9308683607
1674,240930.89245710682
1675,188856.9353290259
1676,191113.79037576503
1677,222705.9748246186
1678,434094.56459113205
1679,396650.0974369295
1680,362323.51222955633
1681,253260.1333424736
1682,312251.38237661973
1683,182392.66579348425
1684,176712.84246427476
1685,173172.8099937853
1686,169845.9520615448
1687,171486.24607129785
1688,192718.7285644219
1689,200503.64228576125
1690,194349.05308184648
1691,180344.56089007293
1692,258811.19774856986
1693,166554.69611877672
1694,182361.47485717325
1695,166214.06168128998
1696,270747.5387475724
1697,169530.11113568197
1698,351911.65623230714
1699,304694.71190636157
1700,247724.54151863029
1701,271604.42169968016
1702,242184.44151350888
1703,258864.3321739725
1704,287956.1441443586
1705,234106.01173788944
1706,385861.34184215515
1707,220039.6860314002
1708,212578.81862681688
1709,281447.9435275826
1710,217034.4187929551
1711,257049.58321915648
1712,276568.03547859524
1713,288121.5989047032
1714,227997.70220323367
1715,203857.14675235178
1716,183603.66205850587
1717,172880.26379655415
1718,134599.69114067583
1719,206498.4734662495
1720,237773.19265404608
1721,162122.45763210792
1722,122466.1036605696
1723,153659.85593723357
1724,211377.62782753067
1725,238746.57030144837
1726,181174.82958365994
1727,158649.99547718643
1728,169057.98030903068
1729,163836.54495797263
1730,155460.82226858777
1731,126981.07570465698
1732,126916.4224485155
1733,112144.64813296615
1734,121675.71156501799
1735,127902.78959105645
1736,121145.42612324712
1737,312707.5974430512
1738,221902.071467564
1739,248707.97349855944
1740,222163.87037587853
1741,194632.16837507882
1742,171862.62006737723
1743,174348.54329794872
1744,337406.97376215307
1745,213610.76139988116
1746,185236.71164169806
1747,214465.65096052582
1748,222999.21429254697
1749,159436.622638707
1750,130633.62323996931
1751,241404.81558134352
1752,124816.79331016241
1753,144371.00271438155
1754,184304.02815154343
1755,176069.58647005018
1756,138223.45803294866
1757,121763.62375118691
1758,145216.59175613106
1759,162857.51470206885
1760,176063.08768001889
1761,145143.7307518909
1762,170785.3598679278
1763,179658.62718154638
1764,117716.3493361703
1765,161283.3788018561
1766,170986.9359079212
1767,222225.96855821522
1768,145355.3023404067
1769,185597.94799070628
1770,148681.8286280871
1771,130730.5198112495
1772,142672.31479910132
1773,129426.17734516553
1774,142463.40098383906
1775,138420.1771471253
1776,123434.50493470853
1777,111992.99238992964
1778,139555.5752057236
1779,107732.02417282159
1780,170765.83489237374
1781,135009.768532829
1782,79837.94116039462
1783,147884.89992236413
1784,104308.5196334349
1785,122587.36815979723
1786,137372.99069307334
1787,158205.29144466802
1788,52221.73446654239
1789,96077.72859986754
1790,72397.33842476402
1791,169557.7636684313
1792,159500.72861818032
1793,137696.77652381652
1794,151299.42003794244
1795,135978.36604411932
1796,118729.84768102969
1797,113296.85298083466
1798,119680.67586777729
1799,114730.88639802867
1800,127299.41027216922
1801,124622.08281438681
1802,134515.00359263035
1803,144245.9142793313
1804,145372.89209901495
1805,138848.5285720105
1806,129618.034825623
1807,129486.7063105927
1808,113540.76636936028
1809,118775.0354496147
1810,136844.08328492052
1811,99729.39129164227
1812,96624.22523605038
1813,126062.57397060514
1814,98990.52629691476
1815,52969.45250220728
1816,93086.5484522448
1817,110383.06720946165
1818,142184.9277489483
1819,121599.71825213311
1820,53343.39137347836
1821,116185.20818576794
1822,151315.8387959182
1823,44306.58145247981
1824,139523.32760696977
1825,132651.91315212302
1826,95398.27131648225
1827,98240.6962384298
1828,146445.67722229438
1829,116710.50969335728
1830,137948.05807790736
1831,148487.23548664805
1832,76592.59049732
1833,138356.33096698846
1834,118260.99275657203
1835,132757.6579838449
1836,121986.75736545138
1837,98394.24654746153
1838,128514.59025112036
1839,88754.47781880223
1840,165349.03096939353
1841,159453.64368650172
1842,82182.55644921953
1843,132300.37945260206
1844,129717.01198325507
1845,144869.6490096531
1846,155293.58697478473
1847,163880.83868727591
1848,57017.995378800115
1849,102853.9337787718
1850,116301.67953224659
1851,152128.4980904719
1852,130852.87253201478
1853,134236.16462356463
1854,168174.912814559
1855,152259.20024538203
1856,227381.26306558202
1857,128591.53879843459
1858,137609.05030742826
1859,117692.46498490535
1860,155059.25326590962
1861,116235.4860947796
1862,317561.89623626723
1863,286438.7970839693
1864,286355.6764772963
1865,345694.41750131035
1866,358511.49293180904
1867,237731.640156426
1868,323129.655339434
1869,207098.6749989588
1870,226433.53597491235
1871,252394.74084441652
1872,168694.1526444888
1873,250593.4306393412
1874,140608.22882538047
1875,202020.05414881874
1876,196307.8366899137
1877,207023.21570128246
1878,183199.99964613974
1879,127931.10451736696
1880,134142.5787638319
1881,244123.5632610039
1882,259361.57859518973
1883,190820.15791946466
1884,204900.43093510668
1885,243744.53167827724
1886,317353.3869700724
1887,207885.3423359624
1888,276541.6394490933
1889,166690.3264120818
1890,124443.11409398362
1891,140573.22127462126
1892,101506.13487853478
1893,134449.08509636135
1894,130193.16663192032
1895,134818.71483690606
1896,123150.30932626079
1897,109503.76186031451
1898,115793.89290796107
1899,157349.3374095009
1900,152888.41146530188
1901,178316.51178335832
1902,147248.4366342571
1903,236479.03326565138
1904,144353.38256129145
1905,206352.5136852024
1906,157854.04296441664
1907,195635.74474881543
1908,107650.74707806928
1909,140712.7006311244
1910,120611.26419698478
1911,206819.30381028313
1912,338210.67591149564
1913,143488.39342351106
1914,47648.91092795872
1915,348202.3608861717
1916,58981.36116635878
1917,254866.0263790998
1918,142973.73477968364
1919,176230.89582256484
1920,146839.49885579126
1921,427883.66539522173
1922,322483.38154282456
1923,215053.33980245376
1924,238511.6746779108
1925,195501.03516583733
1926,396799.9763254447
1927,131587.15994413805
1928,155897.44332574034
1929,130252.79585256084
1930,126045.32597356953
1931,144638.7810573295
1932,139804.6612048006
1933,172094.13471117883
1934,178420.33357351026
1935,169856.7121149297
1936,185171.61625151633
1937,182190.48056598197
1938,179164.55479229544
1939,250389.857786157
1940,172876.9917799917
1941,164631.3702278179
1942,184632.52796259703
1943,202323.49418217997
1944,362003.2841240855
1945,403139.0462182202
1946,132766.99271312976
1947,328202.2933726731
1948,172591.30274498483
1949,256745.45664129345
1950,181281.44571429494
1951,252519.7182785347
1952,233267.93157634282
1953,172447.8740915809
1954,191644.27632978425
1955,135271.49904390005
1956,294905.5054642357
1957,154035.51687026865
1958,311716.5016510884
1959,149743.47279162172
1960,120271.58196916546
1961,125276.80364132841
1962,98278.99430638432
1963,106511.23890419894
1964,113088.17044615727
1965,149301.537942304
1966,141444.7905941058
1967,275017.1721421723
1968,447557.984379031
1969,411654.0530117272
1970,441729.7746731313
1971,411923.679212866
1972,380755.5508537308
1973,254269.2245036142
1974,326000.83117441105
1975,453589.95715285686
1976,252255.94568829058
1977,346020.0796029981
1978,354844.0514471729
1979,326887.111987512
1980,193015.8965185133
1981,345582.1323678803
1982,224187.8463017301
1983,200276.5871757102
1984,168155.5369598893
1985,217732.1201803115
1986,208067.37682440627
1987,178694.24283499853
1988,173015.860171807
1989,195232.2051629378
1990,210120.92119218584
1991,241388.22172031182
1992,208338.72438750017
1993,169431.29868917618
1994,227380.916173726
1995,186392.3781186087
1996,249871.00358649774
1997,329541.49796825845
1998,319176.41583372804
1999,256743.1054619771
2000,316842.6041898052
2001,260570.6902306768
2002,243117.7861197127
2003,254331.53037722508
2004,268781.79768783314
2005,223458.64975041058
2006,222346.90732928322
2007,259969.6915810389
2008,216083.5927822183
2009,192474.7995594125
2010,194757.89374206256
2011,133227.16909532048
2012,169404.8022080885
2013,176292.92405575034
2014,181017.34970354152
2015,196909.5398219678
2016,191921.21110027778
2017,190932.45874098883
2018,115432.0411431024
2019,129396.94287929391
2020,111848.16898799791
2021,108006.81645430224
2022,187440.87514091187
2023,146369.98367316552
2024,235713.10615299965
2025,376112.73508176877
2026,170349.6796669944
2027,157914.2399649516
2028,148695.77888772884
2029,166317.0165734685
2030,291391.9040229442
2031,245033.89232023744
2032,263990.0757298176
2033,277984.5316921289
2034,163875.41126683145
2035,210255.87110229296
2036,190352.79431838787
2037,199069.8812008605
2038,300302.8093651347
2039,216883.11226125454
2040,257171.49448491505
2041,322045.8525816747
2042,207442.5063465276
2043,169288.93710159208
2044,134820.9035543
2045,222293.407960255
2046,145026.10576775568
2047,140898.85555579804
2048,141592.52828643043
2049,139420.6006632315
2050,179852.43540958417
2051,103304.62539569326
2052,125550.84677100737
2053,150683.01593201346
2054,88928.91785319455
2055,157660.12259545978
2056,143544.05050200468
2057,113878.17708101586
2058,219215.28150890637
2059,133567.47907085135
2060,173298.39511391765
2061,173975.99498344903
2062,134451.66481584928
2063,118285.03770698459
2064,141730.2195980346
2065,126576.6022380301
2066,162601.03908137188
2067,98699.138301633
2068,144662.69801432197
2069,90217.73722359337
2070,113376.94702170331
2071,93322.91877043074
2072,137907.17796836697
2073,139783.37719499637
2074,194090.63307080057
2075,143173.0541882105
2076,121008.14321951735
2077,154061.41812595562
2078,126774.10554522499
2079,138868.67088134398
2080,119243.99223859592
2081,127601.05724026414
2082,125109.839383616
2083,146801.47081473272
2084,112673.30761415372
2085,122525.8700380318
2086,105844.60578981269
2087,116217.5765430566
2088,99306.58735342868
2089,72100.33598360111
2090,136199.3078078369
2091,123238.95877675092
2092,121862.74998975088
2093,115140.43131457175
2094,117064.18906456039
2095,148418.5731018819
2096,71299.91601548991
2097,103522.47990460848
2098,141088.09080264377
2099,57729.92632413642
2100,79492.93707805824
2101,128714.88477624903
2102,116278.61685150414
2103,99613.25154336188
2104,142192.97011833714
2105,127300.96566769185
2106,76783.01623846045
2107,227613.24725513897
2108,117094.33081658604
2109,106443.19658888633
2110,136002.64350212464
2111,144058.1924177263
2112,143489.47222198063
2113,119678.49308837308
2114,116852.40893414854
2115,171979.4346455082
2116,116679.50184092672
2117,152241.150150009
2118,126471.01879615521
2119,111412.64939199
2120,113844.93444351135
2121,124097.61540621746
2122,115662.8929255838
2123,83824.4144781237
2124,168106.35448498925
2125,119820.08661094072
2126,153643.6278355713
2127,156878.79164935654
2128,126811.18451490923
2129,96154.73277556895
2130,133955.37689745546
2131,135764.21334545966
2132,120903.8005537138
2133,125575.07889813048
2134,125318.90988924845
2135,99573.78340471107
2136,79051.83939396014
2137,106064.78292247224
2138,134548.42684504064
2139,147194.53584603572
2140,140921.69308725192
2141,142322.36049121752
2142,121560.91803405083
2143,143669.05987443685
2144,111390.91858592395
2145,135708.39038460114
2146,173038.3696413655
2147,119797.85752299381
2148,143845.50193370087
2149,145191.04881792766
2150,234072.21028636466
2151,113409.06474487191
2152,169754.1960904536
2153,165761.9112540519
2154,109385.17864820357
2155,138628.59947034725
2156,242017.54506233745
2157,244986.9156844929
2158,222799.9564666084
2159,207248.94504793137
2160,179780.80621170747
2161,242813.36804413673
2162,386669.3653687559
2163,359502.3947398294
2164,238371.24646914503
2165,205081.56453193183
2166,148479.23062996607
2167,217722.39756588463
2168,202786.75654751362
2169,193469.58463113275
2170,214005.0305447743
2171,151403.81996185335
2172,130927.97118529539
2173,167343.86724189864
2174,229743.68841358117
2175,302773.2990757834
2176,319462.2477972836
2177,233600.58009365355
2178,216653.27545005397
2179,141300.06608687816
2180,219635.11094443453
2181,183682.60019039162
2182,219127.05260971573
2183,184991.49718085869
2184,120913.05980866191
2185,116157.46908828843
2186,141991.05469129662
2187,149344.71207523285
2188,153353.82210211124
2189,264649.505633943
2190,81616.00131374031
2191,81665.73187888264
2192,88889.9304065681
2193,110631.8529705571
2194,99050.75808089305
2195,113049.03474723981
2196,104390.58180643666
2197,116179.15592946044
2198,159675.89566582837
2199,189036.35388741235
2200,145712.59688625528
2201,144766.05484048027
2202,207883.43739325664
2203,127820.23179245449
2204,185097.5438121058
2205,116173.56135079892
2206,144725.53646391194
2207,209972.44468088553
2208,268222.82002883503
2209,220439.03236967287
2210,114485.41038219261
2211,122723.7579432912
2212,111456.74997722333
2213,103634.85442148852
2214,129256.48554373639
2215,97054.6152019939
2216,141632.9229109087
2217,72828.87285571254
2218,59797.278496465304
2219,51659.45229030585
2220,63497.91531357885
2221,348202.3608861717
2222,286387.29799146997
2223,306403.73119996954
2224,211463.32776327812
2225,122803.06967387488
2226,184019.52933732973
2227,199064.95691805848
2228,259823.88114009073
2229,253552.68511337388
2230,152588.50881063705
2231,209041.55441943282
2232,177462.2168101762
2233,177035.10303378137
2234,234958.77594555623
2235,214235.82295740923
2236,281992.70284770237
2237,346695.5652775293
2238,207987.57609174753
2239,109391.82282699257
2240,162567.11451879007
2241,147303.06854024297
2242,124435.6800216055
2243,126393.69664953623
2244,105345.62120758824
2245,98864.42364235148
2246,147786.92176699731
2247,114763.81386795624
2248,124606.90535380712
2249,124387.13711982708
2250,129225.70510666695
2251,94644.34030128857
2252,170200.5704535279
2253,154037.32687742118
2254,167185.91262633743
2255,187679.70994833703
2256,178723.92519182284
2257,204790.63034588663
2258,157430.88584319985
2259,176800.3791890381
2260,170795.92818580611
2261,178086.4682792115
2262,198057.08903359613
2263,382894.6485034311
2264,423629.2042847109
2265,167083.52060941112
2266,318592.3717047615
2267,366693.4514816
2268,421126.9318241665
2269,152673.3988319691
2270,189098.03283825042
2271,226771.0158609893
2272,195399.1876111725
2273,170677.8221304504
2274,182740.09002676417
2275,172492.3189540404
2276,191027.93718844847
2277,182167.75285918612
2278,145131.49002775518
2279,129145.35598341485
2280,125589.81145531435
2281,173124.1727868505
2282,189818.6663583075
2283,105015.0776920674
2284,109279.97914513072
2285,139698.81144508618
2286,128185.83050378077
2287,362847.92716502055
2288,265604.9915589062
2289,389271.12556275626
2290,472096.2912299804
2291,317190.83726257854
2292,441502.90165000263
2293,477657.8488554778
2294,416697.4658205379
2295,454493.0567696981
2296,306184.8828204277
2297,322510.5992681345
2298,331819.184619768
2299,367350.6528603462
2300,351342.4493963196
2301,285819.7354803562
2302,236249.13700736823
2303,234955.06674329867
2304,238262.283271523
2305,192670.56400770345
2306,188984.11065220664
2307,196009.18637057525
2308,220989.5226068985
2309,283714.85482714657
2310,202538.229536293
2311,195645.23379903333
2312,170986.57945497046
2313,173443.0500981396
2314,165530.27801563195
2315,177958.52817984438
2316,194418.19003025643
2317,191221.80510276614
2318,174735.2314841674
2319,179869.59591156762
2320,188385.41162685497
2321,240343.32187233464
2322,175601.77185355767
2323,179105.5268961246
2324,172682.41842726804
2325,223590.79597533934
2326,170251.51913675028
2327,207059.27947017032
2328,220255.92778226692
2329,193641.32322696943
2330,184987.34837722077
2331,356807.076768596
2332,401254.69967510464
2333,328936.00630007696
2334,247772.60977704887
2335,261666.28760320318
2336,312536.5378081094
2337,203350.1307507863
2338,274770.6504262824
2339,219314.9747474019
2340,400384.1124675579
2341,225853.8381943324
2342,233765.73348741076
2343,228330.94520267882
2344,204670.1338168144
2345,232615.7844851791
2346,207215.70365879135
2347,198770.69637753488
2348,239354.59465529132
2349,178543.65596854765
2350,303781.5329890866
2351,255035.81197585622
2352,258466.12080372075
2353,241809.7003645622
2354,135688.75321113883
2355,141275.88729542293
2356,147596.590155073
2357,191669.32168166753
2358,188564.5031633771
2359,134344.29126867306
2360,117875.85704606697
2361,145402.89208403768
2362,282451.01295439753
2363,128994.65159186683
2364,146343.90892517005
2365,224267.3511334164
2366,180956.4797017657
2367,226767.31277376367
2368,216126.67185268624
2369,224180.79798494102
2370,166848.15934037993
2371,171281.30272957406
2372,192764.98154042763
2373,275042.24432875897
2374,317652.5404012572
2375,250913.9454787821
2376,297795.88094181765
2377,351985.5446420733
2378,139681.35743890476
2379,191828.09520123588
2380,148265.84383661492
2381,169438.74268579672
2382,195826.73164777472
2383,213305.96132235552
2384,260068.6240340622
2385,163746.73325434868
2386,133009.49690166963
2387,136110.95316763507
2388,98263.59479357177
2389,129365.86923549042
2390,144032.84350354507
2391,137928.72641225168
2392,116303.27649995698
2393,172516.6863460421
2394,140520.90016799356
2395,195156.20500878018
2396,143523.57583960643
2397,229556.847656689
2398,129766.99454492929
2399,57686.38283882358
2400,54877.91277279658
2401,113328.13442449342
2402,134909.39047046241
2403,144369.88404275893
2404,149226.3939126774
2405,157711.49753341114
2406,145874.32434029315
2407,125614.84938764293
2408,142486.83151654652
2409,126311.48486664446
2410,161011.17758064118
2411,120792.16666868568
2412,154981.08325628127
2413,134705.30438103236
2414,146706.3249914032
2415,139790.24828736746
2416,129814.6035466629
2417,135899.7302616334
2418,132836.32014921482
2419,130042.94117320521
2420,126983.89176457193
2421,146056.15395051395
2422,113196.65423071496
2423,132237.41675930796
2424,154792.46500965036
2425,183112.17163428562
2426,128812.5473985328
2427,137883.38154649554
2428,175242.10784013907
2429,118063.07589593783
2430,135478.0888710655
2431,103087.23825637
2432,139163.69260307983
2433,144393.20713298657
2434,138194.11547716183
2435,147233.61621205547
2436,101992.17193292678
2437,114657.41517804595
2438,129885.23790162991
2439,104822.20006315169
2440,115985.08311577694
2441,94571.01176098108
2442,97500.43828820247
2443,122453.1391713212
2444,122678.34141894993
2445,78888.3459195399
2446,126207.70637776403
2447,169220.77174695913
2448,128117.3732082968
2449,106629.43807485301
2450,155946.54332879087
2451,117923.6904657616
2452,206707.70864054796
2453,93675.78038701769
2454,110598.86841034875
2455,121426.20207802516
2456,129798.5707347031
2457,128667.21894856356
2458,126435.23983941975
2459,108867.7060839965
2460,144356.61800867948
2461,119573.75783160799
2462,140273.6934240425
2463,120589.87145374098
2464,170261.67519913206
2465,138392.81042992987
2466,115350.59812152675
2467,143248.15134819737
2468,73433.39008874315
2469,67151.2385788644
2470,181864.0834016957
2471,212048.5682992721
2472,158910.5239619273
2473,116896.2774749503
2474,78118.22777973366
2475,227137.33186716065
2476,116021.3683545169
2477,130051.73359573446
2478,151943.66932917814
2479,108947.63609837873
2480,159187.64406755278
2481,124457.8716642946
2482,131771.05304084637
2483,114113.78529815353
2484,121786.74616015554
2485,128119.5684521196
2486,152301.1680319824
2487,165407.77569172508
2488,159462.32996898735
2489,156530.88062312134
2490,151379.30810214736
2491,91112.43201249103
2492,180994.2656360036
2493,142014.76399358135
2494,141812.69711852417
2495,87313.63224396837
2496,255796.1396332599
2497,158262.51543672633
2498,110440.06147310724
2499,88927.09201709446
2500,130716.90656097127
2501,132393.17175458497
2502,146346.49833003109
2503,95631.75290239092
2504,190637.38388040726
2505,218366.33386485517
2506,252470.89625977798
2507,281924.476473836
2508,252561.03333778583
2509,211182.35796617053
2510,220493.6927347827
2511,173065.9753072343
2512,209478.29240727963
2513,210528.56428686818
2514,260783.8335650032
2515,143526.9962539578
2516,174877.00368682697
2517,141013.16526153972
2518,156882.13425022553
2519,225136.9156479395
2520,210025.6731806779
2521,187576.0104014174
2522,223354.90444468864
2523,121752.2069749119
2524,134789.77185085684
2525,142384.23375670618
2526,134970.20449927964
2527,118868.95975245169
2528,128215.07220468583
2529,136567.1969523832
2530,118707.03124209988
2531,254924.9242721034
2532,223367.43016246546
2533,197929.01409657203
2534,233037.51044457123
2535,316796.25145217386
2536,227138.41637724786
2537,235402.11827294185
2538,179472.23007806946
2539,186030.28787031435
2540,178616.35592619356
2541,183579.90581141692
2542,164689.75483524156
2543,130242.38325498579
2544,122947.69316383143
2545,131706.57680216245
2546,127473.16252892443
2547,135290.38149108103
2548,154859.5093168809
2549,160062.4371983071
2550,291980.39244785794
2551,141508.04885045555
2552,126904.3382765443
2553,75354.8480680314
2554,103910.73127237517
2555,116603.50293285758
2556,96408.17748847151
2557,104496.7985288032
2558,179538.26429701294
2559,134896.2131430175
2560,145583.66343209028
2561,144168.5860941403
2562,129817.51228957655
2563,144867.6093425012
2564,206869.7727381133
2565,131995.04939678952
2566,162479.18636036263
2567,132790.94707259163
2568,198677.17861520074
2569,215832.6511018737
2570,114478.46451521621
2571,188911.078021514
2572,154541.8428918285
2573,228220.61229957544
2574,260458.55865352805
2575,130253.86722980272
2576,125440.66548928611
2577,167156.31037211607
2578,83170.53994924318
2579,66028.51708707328
2580,102175.3794461604
2581,98502.77699844631
2582,86740.6645057394
2583,291877.9308175075
2584,178294.89940406702
2585,182282.86922869718
2586,208849.56157428157
2587,188980.2770609486
2588,146833.32713703654
2589,151627.62350409868
2590,216567.7009070465
2591,214431.40967467712
2592,214575.88734288322
2593,258637.29864250345
2594,184009.8067336338
2595,198783.64871175578
2596,309252.80164603645
2597,176709.08737031132
2598,293275.291528823
2599,315720.0500884792
2600,124834.79045977503
2601,145243.50735134355
2602,85065.1565830749
2603,91478.84894072163
2604,91154.82388000819
2605,79248.64349999637
2606,145485.40104553782
2607,211706.52031180938
2608,204723.89384607325
2609,165760.61527620454
2610,118463.23030495494
2611,114011.67707028394
2612,157367.78109592298
2613,133293.22472852524
2614,127487.43151194685
2615,158239.01239370523
2616,146938.9916416787
2617,159094.25513663553
2618,196462.9795074149
2619,203539.4033682536
2620,184931.21634413168
2621,174692.1740500595
2622,183164.6225332208
2623,245621.98901046623
2624,318125.9075598843
2625,282971.14501442126
2626,173206.22579068478
2627,158543.1832963624
2628,507943.2619531822
2629,511381.03923541756
2630,368029.08578469197
2631,471565.07603716326
2632,480650.28179139335
2633,322770.2458137987
2634,436626.9119230752
2635,155745.39201453087
2636,176948.39193028933
2637,167665.78572401893
2638,263468.924915354
2639,181065.4908091649
2640,153686.02696707897
2641,111450.8434698738
2642,190448.34408348575
2643,101009.6414665048
2644,124092.58306639583
2645,107796.72981220971
2646,93342.57487794712
2647,105097.38400952937
2648,147257.93282831105
2649,151584.78472917704
2650,138429.51893645778
2651,142815.40678242213
2652,414451.447328822
2653,243897.58622195103
2654,221051.67270846912
2655,387446.48753250076
2656,318716.3342016937
2657,367695.0963848679
2658,308020.06784899917
2659,301265.81190647616
2660,366864.1257003756
2661,351715.82660540147
2662,355296.50004086376
2663,287671.97876800125
2664,271252.1871612789
2665,317586.00830334943
2666,285822.20466663985
2667,170636.64886676797
2668,174557.96872401613
2669,177323.71227238077
2670,277776.3477191212
2671,180443.85415227918
2672,194377.94445365347
2673,197074.4886804661
2674,191773.1619378923
2675,166406.2584449799
2676,194498.13438000003
2677,190785.0256185519
2678,266540.3790167469
2679,270758.36263065995
2680,276997.5577768432
2681,427341.1368628484
2682,313893.79273572
2683,562643.7900979398
2684,318500.13711501885
2685,329334.2256687894
2686,253589.14124578997
2687,328894.41375138704
2688,213363.84443910077
2689,192707.89006359284
2690,427969.2556987707
2691,188875.05104670374
2692,129740.6875169204
2693,195402.27073584218
2694,130986.75279806269
2695,194581.25166169344
2696,182033.29900906543
2697,182421.4670893601
2698,170480.18147089853
2699,175361.90108621246
2700,158779.07985993804
2701,149258.2513455542
2702,109901.38523156829
2703,122619.60069412006
2704,135344.68884695592
2705,115538.12996050448
2706,110993.5885440084
2707,121258.991173502
2708,134922.26953721434
2709,109933.61617954307
2710,127545.72118250135
2711,281300.419186888
2712,363065.22712700604
2713,167567.67182356372
2714,151940.6689764781
2715,171645.1586733611
2716,149483.49002366274
2717,182405.260104619
2718,230053.76153879648
2719,161105.56715908274
2720,172714.12132891314
2721,133662.10139122768
2722,164758.5812525353
2723,143478.79611995563
2724,131081.82468929386
2725,132166.9815408651
2726,142733.59170348098
2727,168832.56415605656
2728,170560.8062081199
2729,147026.61268645764
2730,147109.6978042345
2731,127944.23181009584
2732,125700.75255273939
2733,160982.7908617533
2734,158100.38707887477
2735,133715.62160261162
2736,148985.60595309376
2737,122752.00801984733
2738,141671.6388417995
2739,159720.94562957963
2740,131851.228125871
2741,140042.62673189916
2742,147997.9061058097
2743,153139.52696327693
2744,155257.9713845697
2745,139867.84575880846
2746,139404.5954382159
2747,141988.18032280426
2748,118955.76395973116
2749,127733.83262114532
2750,142087.9172772316
2751,137610.72819854613
2752,175662.9624450752
2753,155137.13052101654
2754,220373.7783810262
2755,126592.15302717815
2756,90966.56583301735
2757,67734.77260625972
2758,91366.39240142952
2759,155481.34328249536
2760,124232.80215816847
2761,146329.2399125693
2762,144172.72979979785
2763,177347.6799116085
2764,140696.16638488983
2765,307292.2150030749
2766,147646.09521110656
2767,90158.24986391714
2768,132991.35225434066
2769,121557.39062124651
2770,145841.66906500232
2771,114800.00255208612
2772,113046.57427718416
2773,159165.71675660636
2774,136167.53088918483
2775,115527.39879103957
2776,140049.17018634785
2777,140430.496036752
2778,104613.80560076238
2779,109655.07742356902
2780,92985.39714841722
2781,97133.05842989123
2782,94607.30127383291
2783,85262.59207710503
2784,126066.69063654121
2785,133634.73457215575
2786,70160.42463461276
2787,124879.17305309737
2788,75185.83417821971
2789,187039.40115482104
2790,95105.4698124317
2791,115180.95558931916
2792,55551.574162849436
2793,162929.94483879308
2794,90442.660932315
2795,116809.03971080197
2796,103102.21505791215
2797,190945.2066711154
2798,111026.34098342479
2799,116411.03717450889
2800,67005.74806588594
2801,116016.19642297887
2802,134977.40536715614
2803,156451.60455207407
2804,135220.0050719792
2805,94101.14327044619
2806,81466.74767863392
2807,156886.03294151448
2808,151525.8856371659
2809,136107.43499356252
2810,127633.20407087622
2811,160489.5039241497
2812,149627.9301688346
2813,160668.0049335413
2814,158371.82897742378
2815,102077.12419626517
2816,258499.75361441923
2817,163103.38592991774
2818,130169.68068963183
2819,155857.75515367393
2820,137176.27881845442
2821,104788.07165105622
2822,191733.90563145903
2823,293786.7719414855
2824,184366.8869228861
2825,137180.92052026626
2826,127371.4172581114
2827,139033.07046565964
2828,204133.91645146394
2829,222874.27078514747
2830,222572.89359273837
2831,173493.5542371138
2832,244545.7515014185
2833,297242.25481156923
2834,213212.27175982285
2835,224454.1106692515
2836,188492.61644335446
2837,165054.53358067523
2838,146145.0482888344
2839,182031.30307771842
2840,194008.31378469404
2841,202281.1180078038
2842,228515.01897258018
2843,147449.79018002574
2844,167858.97803721254
2845,124329.85779731492
2846,206634.76370645044
2847,197205.4011627399
2848,216877.4251693882
2849,198270.49935038344
2850,283848.2392378621
2851,226612.56997503617
2852,233853.66306795395
2853,235022.68614934117
2854,141932.18692449015
2855,199959.79426858854
2856,200576.83959784295
2857,187845.3642315495
2858,205878.22534796968
2859,127760.75330684941
2860,129727.70840758007
2861,124774.44238972083
2862,191470.46738335112
2863,129770.84278582053
2864,243588.49951627868
2865,144087.56120571442
2866,135423.74968348866
2867,98317.39239888078
2868,94495.11772935568
2869,101072.2893664807
2870,138413.62482649105
2871,94442.38527810948
2872,54456.412727728144
2873,105372.25298944802
2874,134678.44919927372
2875,115485.59018630437
2876,156612.04603400442
2877,132841.32031032658
2878,170697.98360432216
2879,140802.00728164596
2880,97180.62462186048
2881,150691.42872547434
2882,175206.63285256975
2883,196910.99627094125
2884,202851.45160215115
2885,185236.1729714163
2886,220093.41060787975
2887,97131.53140561849
2888,132540.20891498638
2889,61695.53347764712
2890,82476.83642405183
2891,137247.6984722108
2892,40340.537709500546
2893,81510.86296294206
2894,42447.78958531981
2895,353820.37627148075
2896,294602.5772240276
2897,196588.35670214109
2898,153085.3585808486
2899,214848.28162380718
2900,157543.61363313143
2901,200691.17699696083
2902,188015.29143056992
2903,336088.41889279155
2904,368344.5790926075
2905,92589.71382802591
2906,209651.53304626365
2907,107437.7659278999
2908,131175.16173696873
2909,150485.3140767916
2910,79131.15252777866
2911,85065.1565830749
2912,144453.35663279143
2913,83285.99491544184
2914,78106.1622408093
2915,87251.59936345376
2916,80225.4180269798
2917,151193.9021016623
2918,118377.43488057905
2919,213869.20438228262
