Id,SalePrice
1461,121475.0922394765
1462,163079.47139944386
1463,185701.1187161951
1464,199098.1696670513
1465,192279.60275544802
1466,174079.8855304226
1467,181790.9582405992
1468,164412.72465814176
1469,190496.85849739058
1470,120272.49452239247
1471,199480.97864378244
1472,94272.23632491392
1473,96177.75893458707
1474,149330.78548756655
1475,119071.15362810265
1476,380449.8074941361
1477,246769.78096864276
1478,278595.0282903612
1479,269606.47238572245
1480,471324.0954171497
1481,337758.53087909514
1482,206651.76263895357
1483,174755.5262461722
1484,160326.24339928036
1485,178363.9854872689
1486,196420.1599523477
1487,328507.90004603186
1488,237906.61520107952
1489,199996.08096766955
1490,225483.47858299606
1491,196213.75194525174
1492,93804.98494927159
1493,179039.8834178972
1494,295602.1990726256
1495,292812.6917574356
1496,228069.54971174605
1497,186379.718868012
1498,164558.04318880726
1499,162332.43526923074
1500,154647.71225278685
1501,174182.2414213703
1502,148312.49296448653
1503,300849.5242587968
1504,248070.02879899988
1505,230308.04961583306
1506,186699.39838459762
1507,244996.96170801556
1508,201035.20102759235
1509,156990.10215155067
1510,145486.82497413387
1511,152349.83239096127
1512,177647.850267237
1513,144017.06615827908
1514,158515.33081326392
1515,193115.9323568781
1516,145465.35711286965
1517,168661.8571313982
1518,131970.914512728
1519,218231.5738615217
1520,131661.08996133832
1521,133301.90541956626
1522,175137.4257464373
1523,112778.08786427994
1524,123841.14487133421
1525,123325.57614514821
1526,115546.0328355958
1527,105917.54628651236
1528,136132.85517500064
1529,142908.30881584942
1530,185765.307709339
1531,103869.12323647486
1532,99908.366678614
1533,152444.51303134736
1534,118867.64551690225
1535,154667.62346961722
1536,110675.99024844565
1537,67307.0721322345
1538,160380.68765288097
1539,197769.55946585123
1540,91050.85675690774
1541,142611.29684868673
1542,142392.88392973813
1543,208659.67135743538
1544,83516.4428560175
1545,111623.99234738831
1546,131163.20422029772
1547,126410.5613583971
1548,136500.3360813332
1549,115529.32816920649
1550,135717.19738756085
1551,110723.79827937535
1552,138580.05276878615
1553,148641.25703092222
1554,114999.92242911815
1555,163773.82704373647
1556,82600.87919282299
1557,109860.10183893479
1558,95550.0595509736
1559,68467.91473867194
1560,136796.86117419924
1561,138639.1704339533
1562,130038.40949561496
1563,118745.6554151502
1564,162566.86633113548
1565,147889.42257164823
1566,251238.27877877382
1567,75328.80523859357
1568,224837.6711822149
1569,140169.6069716919
1570,135255.10140736017
1571,114905.1746679309
1572,142587.7484484186
1573,232208.48153781408
1574,109866.40554935572
1575,230252.2880502496
1576,248592.8695276665
1577,185654.2389505378
1578,143172.61984027448
1579,148195.0334896074
1580,194457.23523688395
1581,160972.58524971016
1582,126135.09173085446
1583,325144.1156924046
1584,224467.8921853616
1585,140031.261135314
1586,68319.2261747163
1587,93418.46898825334
1588,149296.2944594465
1589,98112.60857269695
1590,130962.72655617954
1591,94705.98727196158
1592,113061.87663761879
1593,121852.7032304984
1594,141321.95477796934
1595,107292.89297258572
1596,256078.83172150972
1597,192373.0973674146
1598,213335.498485041
1599,171302.51731253706
1600,164534.66479101963
1601,62959.17864620032
1602,115429.9334083387
1603,73888.91545233023
1604,269077.68043245096
1605,251970.84677737023
1606,177296.6100685926
1607,167195.4677166354
1608,209470.78809991997
1609,187986.679976238
1610,149928.11706849202
1611,135767.0502766295
1612,170114.8480612128
1613,166300.12977919675
1614,129792.4684381975
1615,90247.37108155807
1616,76248.23039924132
1617,91069.12186866488
1618,122805.79112753665
1619,142447.84222553854
1620,160442.4375243879
1621,137885.24779865093
1622,141108.22313531546
1623,298649.15190323896
1624,214211.90677990252
1625,117866.22116574427
1626,164677.9501271936
1627,191246.80432703692
1628,286811.53597288934
1629,172575.69017465255
1630,340832.0715080761
1631,216167.18793182672
1632,248420.09140618864
1633,165292.48255284023
1634,185593.66094887836
1635,175078.02882855953
1636,151659.06682867114
1637,203565.72452394775
1638,188755.39342752332
1639,179395.75985767902
1640,265888.63916850253
1641,177551.32279964365
1642,241651.57270406932
1643,223492.35216882077
1644,239808.79055754287
1645,209365.35247454018
1646,158423.89364142527
1647,155829.36752658233
1648,132717.00482454392
1649,143115.0022938188
1650,111169.82906982866
1651,123077.6840243056
1652,97275.61358164281
1653,99582.10627303642
1654,144527.34888181413
1655,140726.5661283845
1656,142520.07349072635
1657,146090.36226346865
1658,143921.9237604763
1659,122359.06056073212
1660,152566.04213965568
1661,422007.409821284
1662,420807.47624349094
1663,388210.17221095704
1664,455437.4572734297
1665,306337.4379019893
1666,329716.1197405304
1667,365720.749366732
1668,339449.0524444701
1669,293841.1961785609
1670,352777.95623769826
1671,260985.42872802878
1672,443512.351079504
1673,288578.60854195524
1674,240402.74573806906
1675,192421.47644578095
1676,193655.4453153061
1677,218185.35728710244
1678,457408.9695710248
1679,387021.38874208636
1680,346787.35851986863
1681,248739.2370831778
1682,297443.80608736514
1683,177073.31474002887
1684,171803.18417340907
1685,173322.1952414295
1686,168397.94189093413
1687,166342.07754594818
1688,191690.29420985785
1689,195963.82082155123
1690,192702.7329059366
1691,180338.0020284633
1692,260690.87086976625
1693,161621.51441276923
1694,181802.05938341518
1695,161096.68884522386
1696,273077.4348573648
1697,165953.81306702038
1698,349183.34437443205
1699,323588.7818515863
1700,243745.1421021356
1701,272229.5215534616
1702,243693.9982640637
1703,245824.63754992513
1704,288574.6145058787
1705,227502.67311239667
1706,418533.60848946334
1707,213671.88553259673
1708,208888.24856658088
1709,276321.3926720521
1710,221245.63628313274
1711,263882.8146281115
1712,259124.72961141713
1713,286530.7444375901
1714,230248.90376181548
1715,206346.6313126813
1716,182645.42204381738
1717,170501.36977486507
1718,133151.71385754517
1719,202834.2297517091
1720,245816.88399849436
1721,165675.17693274043
1722,126189.81334012761
1723,156738.50653161097
1724,213995.3612049062
1725,229814.05042197253
1726,190873.6026625472
1727,157320.9978152799
1728,173787.3289957732
1729,161933.51576846335
1730,160235.14607002333
1731,122464.2484230483
1732,125313.7024865123
1733,115057.04290207484
1734,122073.95293992832
1735,133432.2484295628
1736,114221.07433317267
1737,327131.4294345525
1738,241564.31375638416
1739,251980.63257682265
1740,213335.92890819148
1741,195760.3179976163
1742,171166.64728900546
1743,176039.74254537234
1744,329428.9521058825
1745,207541.16423951605
1746,189367.49467950102
1747,216382.3395524271
1748,226327.95768552268
1749,152022.83434581038
1750,129390.00347538099
1751,251304.0395319976
1752,119474.83944019958
1753,150640.7125248685
1754,194831.83195722976
1755,170459.30803719186
1756,131682.62433749103
1757,117213.32245836382
1758,147467.44591266403
1759,165034.39042789393
1760,169047.11657769728
1761,148127.45373096285
1762,178297.65631531258
1763,177418.6847654603
1764,116076.86031012534
1765,172858.32821011025
1766,179048.80065053373
1767,228221.23256268294
1768,143310.69119610978
1769,177229.9964467689
1770,148962.76216222945
1771,123336.56717408999
1772,141463.5491387221
1773,135171.92292653848
1774,140898.62275929534
1775,136257.41013001994
1776,120310.758157758
1777,110370.36293715799
1778,139276.7197251491
1779,114434.02178562617
1780,172369.72783584008
1781,129856.26948712561
1782,84299.75224327187
1783,145529.20483959533
1784,105108.80277739828
1785,125667.37555292863
1786,139381.35094997857
1787,161375.1545797982
1788,56562.50430097292
1789,100190.26218793288
1790,75084.9821613317
1791,180272.2063719212
1792,160972.40590780517
1793,135288.84159802593
1794,151566.80273583587
1795,133092.64598853636
1796,117641.17179526955
1797,117352.11469677657
1798,119334.03562631665
1799,108361.71606478332
1800,121525.11753808553
1801,127877.3997208102
1802,124642.64083055222
1803,147449.76993181795
1804,146422.2701981197
1805,135409.67679712625
1806,125013.21727703253
1807,129160.98104517134
1808,112946.16855524185
1809,119548.46464074607
1810,139344.2101297668
1811,94585.75864900358
1812,96626.78735331011
1813,123735.11714316292
1814,96488.35812201315
1815,55177.447042474996
1816,99150.78509870353
1817,107504.33654152634
1818,151197.830246319
1819,125477.9580748219
1820,48009.11947036112
1821,111833.94268546137
1822,147665.8731645252
1823,40036.90176851526
1824,133852.8485402061
1825,131283.81267648996
1826,100001.48273608022
1827,101154.99037317777
1828,136595.38668284685
1829,123972.63703512725
1830,138387.38181781484
1831,145389.34079532285
1832,72280.92848699699
1833,140149.92299572847
1834,122060.48646585451
1835,127591.26682908682
1836,123722.30324174813
1837,92068.58137332466
1838,128633.09461224325
1839,94887.24687328856
1840,163885.17475258795
1841,143885.9390018409
1842,79347.95993744142
1843,128624.9289148786
1844,132226.26867930486
1845,140150.88034225322
1846,154950.49099254722
1847,161786.79416575655
1848,56710.60507484059
1849,101078.69412288042
1850,114360.62075009367
1851,153295.6515570515
1852,123317.66585625008
1853,130100.61525656098
1854,168884.2605505995
1855,143892.25991213025
1856,224381.42622783623
1857,137249.8511097814
1858,141929.58150646836
1859,119112.60959834424
1860,143769.95227569016
1861,118612.45576494148
1862,327519.15652062336
1863,309240.1777977993
1864,309287.93013071915
1865,344418.51458433457
1866,343418.805002144
1867,238200.20904463853
1868,298531.89052807365
1869,205188.83305333898
1870,231631.00474582697
1871,243563.0921997628
1872,170736.8918475081
1873,235675.23051113097
1874,145034.91000715547
1875,197509.7466757745
1876,196117.76428525063
1877,210781.36717025674
1878,196118.22411995125
1879,127218.75306498504
1880,135184.33817700215
1881,249911.8627166169
1882,255770.88538692208
1883,189345.59138367244
1884,206728.1655649524
1885,241277.8350317561
1886,294469.2074102414
1887,207568.98272076074
1888,283119.57400352595
1889,163574.7743064818
1890,124225.02446739492
1891,130268.65553813096
1892,99693.17005952334
1893,129458.487266976
1894,123699.33533220025
1895,135469.28856008433
1896,124951.00361269216
1897,120218.14644541054
1898,112460.61393357048
1899,157680.17754565744
1900,160908.41855759965
1901,173685.50751075777
1902,155403.3286639597
1903,224312.5852070357
1904,143536.2048047718
1905,205774.84214909773
1906,154876.63653083926
1907,209451.05932720736
1908,105322.70311547072
1909,132436.69958531496
1910,117531.85046363735
1911,222445.41643368857
1912,341024.2995728634
1913,147047.6694117463
1914,52861.827810381685
1915,332341.6304264433
1916,68697.8913999611
1917,259727.46436279878
1918,142520.27949195134
1919,179307.32308194606
1920,150941.5633680083
1921,409560.44489048165
1922,321557.21570075344
1923,227797.21704687714
1924,237999.5060096899
1925,193216.15521562134
1926,395735.72321835527
1927,136791.81972279545
1928,157049.89577470932
1929,127717.42453908063
1930,126217.84876010478
1931,143195.51401529476
1932,138985.9004537143
1933,185076.27754388895
1934,183860.20399281042
1935,166147.15143941785
1936,192311.48844562855
1937,183249.93404143065
1938,174448.40346740984
1939,246100.0528682431
1940,188694.69100425614
1941,170008.50625008324
1942,187322.05620484514
1943,206061.97471077036
1944,360164.1561728567
1945,392975.3088593565
1946,132135.27057846647
1947,315742.7663194551
1948,167669.31827113687
1949,262406.591013199
1950,189101.89382438283
1951,254131.34223667334
1952,229495.0605455797
1953,171366.27919639566
1954,192729.90859930983
1955,136905.77222767135
1956,329298.87796760886
1957,156075.54904641258
1958,314631.4855880183
1959,145127.06374626022
1960,117541.9710964794
1961,119487.7889633088
1962,95500.86898149477
1963,104890.78712304385
1964,109698.29992598633
1965,144742.46391378035
1966,137743.15993899034
1967,278376.1727226401
1968,420737.9893285835
1969,392011.8928467133
1970,431102.77633599663
1971,472367.3448334575
1972,394763.9030671994
1973,256434.44935018345
1974,329676.5520483523
1975,491645.9677838159
1976,264321.92090186547
1977,346392.9774345464
1978,347956.2832932931
1979,336161.4843976395
1980,199176.4720177553
1981,356022.604591223
1982,218065.86703605374
1983,201781.47014685487
1984,169035.36059880292
1985,223637.45759049745
1986,211412.84070921325
1987,180469.92770500327
1988,175314.5986806732
1989,195263.54603694263
1990,211567.71738269104
1991,233688.6692446313
1992,216395.27690038297
1993,167178.88309527782
1994,232461.84055501607
1995,185438.50047287092
1996,252531.93434033057
1997,322160.3915587122
1998,332551.77372207755
1999,253876.91940933786
2000,318937.31273193884
2001,267310.9323678912
2002,237788.98076361543
2003,263619.0801797491
2004,283477.11603929766
2005,217310.23533478333
2006,227043.50312130735
2007,256692.79799673526
2008,216072.77837332507
2009,197165.95570815238
2010,197388.8107408773
2011,139802.95990566866
2012,169415.38497898218
2013,178694.2881996782
2014,186717.5243449898
2015,202880.1257196894
2016,191976.0745952211
2017,194495.24462673167
2018,122394.20326116498
2019,131904.41352602447
2020,111806.09373683341
2021,104858.39465598355
2022,185517.340337232
2023,145819.3439317225
2024,260721.1518996453
2025,357971.4062655579
2026,172516.98150051356
2027,155174.28731940256
2028,152115.33727388806
2029,166465.37665880605
2030,282819.707491995
2031,236872.47311543243
2032,257312.61316023604
2033,271952.6134735498
2034,166180.98161598193
2035,217115.03453077897
2036,201873.27107266677
2037,207025.26152962918
2038,323593.20666209987
2039,206452.44781699637
2040,280672.97619115777
2041,317545.1724678892
2042,209572.57791100442
2043,175727.07213783212
2044,163605.9940472857
2045,219225.28775379187
2046,141605.81240954885
2047,142687.842646152
2048,141391.00352906727
2049,140701.927244789
2050,180282.18971716045
2051,105398.83213800064
2052,123027.65496960293
2053,149159.11471557224
2054,85347.68224495243
2055,156586.76297422723
2056,143691.70430331628
2057,114116.65208551452
2058,220143.47888805627
2059,133614.97737497647
2060,175502.2555505819
2061,174846.85801191407
2062,129360.89532166027
2063,111876.48229149058
2064,139515.22270045683
2065,121328.7741154417
2066,163961.92642536433
2067,103482.05783059899
2068,137187.21629711505
2069,86677.99968146856
2070,112605.03666433199
2071,93053.07809678234
2072,134143.69306887672
2073,133643.88209651227
2074,188794.47620455394
2075,148479.28188946802
2076,113459.53600603306
2077,154191.64003393232
2078,123519.74489138735
2079,131808.04605316452
2080,116752.70354666129
2081,123187.81283371248
2082,117870.54888447296
2083,143467.19385076195
2084,109144.07724403247
2085,119912.57856438942
2086,109216.1159931555
2087,121700.86710323178
2088,96761.02481221732
2089,75055.46768138958
2090,128529.67637209171
2091,115179.71929052596
2092,121933.27364174309
2093,119802.40383264895
2094,112857.16791486253
2095,145635.72530237868
2096,76789.19875765427
2097,98967.35142128209
2098,151970.73786783195
2099,55632.22525150341
2100,77060.16327900419
2101,112959.86901739909
2102,127158.52561851197
2103,99732.54014805166
2104,141887.27234165513
2105,127155.98107334087
2106,68638.08775856337
2107,200773.3366636116
2108,113544.84038988913
2109,109691.30841453372
2110,135677.70966247635
2111,145407.9929374854
2112,142416.36562187623
2113,120631.24207275265
2114,116935.13632317279
2115,169028.8390221085
2116,116440.6879283684
2117,147706.85995421596
2118,120163.38986797669
2119,110846.04744115235
2120,112444.03558248108
2121,123690.55423896223
2122,116854.58550683438
2123,87509.9200902237
2124,161985.69250881922
2125,126588.96097194753
2126,149351.13217620685
2127,160215.2036037402
2128,127250.40032668805
2129,96100.76244464121
2130,134375.211431067
2131,143778.56516401746
2132,119400.92253288919
2133,124406.80271584929
2134,121788.81084162784
2135,92297.04565091232
2136,75006.78692531052
2137,106569.25114250518
2138,130686.7941720568
2139,144493.47353597835
2140,143490.45951173452
2141,151016.86956537247
2142,124522.91654574378
2143,144716.60564046248
2144,120548.2326163916
2145,138576.93455502452
2146,168367.02423465677
2147,127413.04755299615
2148,140162.72817392266
2149,152097.49779302216
2150,222003.5693720537
2151,107754.22634880162
2152,165488.92769346814
2153,171443.0710597624
2154,106364.1260612416
2155,140064.44624119272
2156,263764.5687610064
2157,237920.18006741052
2158,225423.1150014116
2159,207141.5258366429
2160,177475.76657617197
2161,240312.57748948268
2162,394470.3627252155
2163,354334.20277069625
2164,250109.40857160636
2165,192196.18489010425
2166,152332.249962486
2167,216496.57370371703
2168,198615.76949657308
2169,197348.7753110673
2170,221838.71951272344
2171,152590.67941900963
2172,133385.21632270576
2173,165122.18447938838
2174,228654.82917571798
2175,301200.32529367175
2176,308962.571356209
2177,237443.62912355314
2178,215591.05404836233
2179,138151.1165621047
2180,222928.7588244735
2181,190134.61731848438
2182,221113.533615413
2183,191737.84015032157
2184,122006.64274611494
2185,114003.6509366057
2186,143304.74925448597
2187,147544.96011028643
2188,154852.62324427988
2189,281793.11436263303
2190,79582.07436176891
2191,82127.32078793763
2192,90426.11715001034
2193,107019.90212808108
2194,102016.03701677777
2195,109841.84724459566
2196,99811.95017165302
2197,120466.72096146613
2198,159721.9397697784
2199,182802.8810013319
2200,151052.05438927124
2201,147266.46322038665
2202,211141.8923217777
2203,137481.54161367126
2204,185916.34112018385
2205,121945.40112797647
2206,144945.30732817584
2207,205840.97803158613
2208,264925.22138512525
2209,228083.40032651075
2210,114104.77295188348
2211,116381.8688465534
2212,117142.44944707355
2213,105349.44983727654
2214,127738.55332265618
2215,101276.32052822252
2216,149246.4425359995
2217,67086.66996648513
2218,65127.245222486796
2219,56376.22316761802
2220,57930.654850566425
2221,328776.932673558
2222,290088.3630609746
2223,295399.74973131827
2224,213055.9733650629
2225,122684.23690736106
2226,190651.24734575677
2227,204883.81504229933
2228,255396.31075011884
2229,255565.50961561198
2230,149369.47378670346
2231,213314.37298405627
2232,178327.3007943301
2233,183580.70943058265
2234,236198.36110733871
2235,214686.46192881916
2236,265588.7619498677
2237,329650.7103047625
2238,207611.88635982826
2239,110151.49223564463
2240,158501.3655544291
2241,168482.22249908996
2242,128233.9286480875
2243,128664.48385436375
2244,105861.87364169526
2245,97303.26050781898
2246,143813.6834489461
2247,114310.42034040194
2248,125722.6974555779
2249,121873.79262129423
2250,130210.68598481755
2251,103641.50023182092
2252,175724.97768311377
2253,149096.38586835828
2254,168399.71811634468
2255,187897.65344225164
2256,174628.41631923977
2257,206421.25610278416
2258,160893.08521782525
2259,176782.4319898574
2260,163301.72083178879
2261,182289.26016302253
2262,207519.04354987375
2263,383085.53765515273
2264,443256.03712085
2265,182845.9109536872
2266,305787.1872721297
2267,356767.10538545524
2268,427629.64852477185
2269,151692.28639605554
2270,193545.17626376607
2271,222729.10355165423
2272,195034.90931052266
2273,163409.26822704056
2274,180679.52590581283
2275,166194.9588752655
2276,192059.25384551572
2277,182590.60048966075
2278,140858.5464524244
2279,131296.73612953213
2280,121239.62855578357
2281,167827.40356661103
2282,193537.9176474813
2283,105130.27090461676
2284,115912.56845113871
2285,140758.5356805938
2286,123743.95904927392
2287,363219.10240566096
2288,266604.78415618435
2289,379646.2527794281
2290,471851.13892940583
2291,325644.52726092807
2292,460803.9120272698
2293,454206.72259553487
2294,397961.1477095316
2295,472477.2205539611
2296,290630.4084927004
2297,328271.2920082121
2298,325059.77555918833
2299,372444.1037052366
2300,336548.1504705694
2301,293600.33547626203
2302,246683.88903931787
2303,238837.41721431172
2304,246399.27319884812
2305,195482.59324204273
2306,191181.27747646457
2307,196727.27981812152
2308,226903.56018752148
2309,281550.2925615318
2310,205761.14264934752
2311,196311.37821358888
2312,175648.34028228928
2313,170900.48401954965
2314,168528.61326445223
2315,179483.04191684627
2316,199264.18322664345
2317,191249.07088280589
2318,181130.09119538064
2319,180427.53158172377
2320,188081.13605098586
2321,242577.06752161635
2322,179313.32721354152
2323,184386.4620196907
2324,176053.44534918963
2325,218466.0606169024
2326,167307.4408990174
2327,205100.80535450554
2328,225778.4617278353
2329,191512.2055928957
2330,182631.9739277858
2331,360042.953507782
2332,391220.6467456204
2333,331318.27947101346
2334,252073.03179469297
2335,260891.58015773154
2336,327895.0022387538
2337,201215.15054529687
2338,277244.1136936789
2339,208263.27620176194
2340,408189.403553129
2341,222426.65290891426
2342,236805.38622672434
2343,227893.00627014888
2344,217712.1684306972
2345,239571.9103834634
2346,212985.5811634003
2347,199285.4427995674
2348,245440.01074276332
2349,178972.48745387178
2350,315219.2478507142
2351,266121.7392985679
2352,260166.53848130527
2353,245305.46338472673
2354,137522.33829478803
2355,143049.252897854
2356,153486.29351077377
2357,191032.05233612712
2358,195070.91373456796
2359,135276.9548890871
2360,117438.10165762274
2361,143211.0937856511
2362,273725.59003261983
2363,133900.06134734178
2364,155556.4276683039
2365,228213.86316918724
2366,187842.53783370744
2367,227464.35699556663
2368,212681.66190593241
2369,226493.2755279297
2370,169116.29225205578
2371,166539.52320929588
2372,193205.23631893893
2373,280294.1871735305
2374,324226.5491890867
2375,244904.16581984042
2376,291102.7136066935
2377,338383.2850190318
2378,138015.78203387337
2379,196546.7676031318
2380,150273.14034568588
2381,169781.57578511315
2382,204155.2613562726
2383,211892.41542961268
2384,253585.55274785834
2385,162960.47731342248
2386,134766.16379256186
2387,134330.32644358816
2388,102034.10358618987
2389,124598.44757445251
2390,139949.44676176374
2391,140601.73964618973
2392,115528.20423022132
2393,169877.82614601092
2394,140966.14916589117
2395,205285.60394833487
2396,147268.6268234977
2397,223594.73763633764
2398,129270.55176067534
2399,60707.11262474534
2400,56616.109359310925
2401,117149.73908729284
2402,138159.32581471416
2403,140608.7273888385
2404,150980.9025910246
2405,159773.7626836758
2406,140938.20025347202
2407,127535.15085762148
2408,143541.5378538775
2409,122979.27120687856
2410,166459.52419232484
2411,119227.41541985994
2412,157823.456423894
2413,129874.2583205747
2414,148963.8398964276
2415,134045.83883951607
2416,124946.0047122776
2417,135241.64657007085
2418,131796.46212327536
2419,126875.90460171152
2420,124058.50333436888
2421,148914.11420101827
2422,109873.21806266037
2423,121827.58663123123
2424,158028.0787974802
2425,207697.46734868104
2426,132896.18011492633
2427,136864.5750371729
2428,175865.8882547161
2429,116174.00485927255
2430,130989.22609133454
2431,100206.12486247423
2432,139900.3729622503
2433,140310.15909469998
2434,135203.86554259888
2435,149147.88659906527
2436,98729.36447297278
2437,108270.49905631781
2438,124447.09165504629
2439,108660.17923177652
2440,120413.8472536816
2441,93177.26673806256
2442,94549.82971710844
2443,125938.46273494631
2444,129611.30546338532
2445,82947.97434732997
2446,138591.26519299773
2447,184107.3512255882
2448,130017.71892615946
2449,108340.6341594443
2450,152539.93467813634
2451,121551.35515375625
2452,192596.7069878759
2453,91713.71540194203
2454,116308.72508689667
2455,115810.16595096725
2456,130600.13177870424
2457,126854.83258008253
2458,124773.13373176099
2459,110847.9210061465
2460,141277.03233689547
2461,126645.79232037254
2462,137097.7357580457
2463,124990.83822023423
2464,176601.1309075054
2465,144632.4170942484
2466,114630.72000524586
2467,136217.89867130743
2468,76345.85419828896
2469,76939.95113305267
2470,185218.05386404943
2471,218974.19399062113
2472,161552.78964713434
2473,115994.6188419585
2474,82210.16021977385
2475,227919.03048390002
2476,115697.79533750094
2477,128807.28888821541
2478,154893.1702399131
2479,107357.24081951386
2480,156315.47727331345
2481,123511.94521820369
2482,130389.34825718337
2483,112799.35042522036
2484,122911.15690370677
2485,125500.33904551555
2486,145225.84584978825
2487,160881.3050243005
2488,163078.95356147128
2489,147130.31574121266
2490,146298.28812993536
2491,92100.46197775786
2492,186808.4218558499
2493,141268.38626261445
2494,139774.25073786607
2495,87225.82909544313
2496,235829.29673190534
2497,157325.01659520695
2498,105981.45195860627
2499,86067.19865624238
2500,124266.05718142894
2501,133730.10119161746
2502,146692.24018475774
2503,93277.42153953733
2504,180393.4924325849
2505,221354.1037027464
2506,251285.10350644734
2507,285365.5152580487
2508,252793.78786877793
2509,216897.94542421488
2510,218875.42945209486
2511,175073.67944328208
2512,206311.2152074383
2513,221632.6694609171
2514,260960.2624137874
2515,148064.2450875299
2516,169351.8751720544
2517,144540.2649075214
2518,158071.90227914858
2519,227563.33142144018
2520,209188.45296487786
2521,190123.3156859478
2522,224601.25065224865
2523,124965.85469752335
2524,137911.1167467429
2525,147806.42264720422
2526,136534.88232899725
2527,117814.65521065447
2528,128274.91126753356
2529,137531.3124953801
2530,118801.05845989165
2531,255941.6538502761
2532,229649.12568550083
2533,196010.3332549661
2534,235723.4799427475
2535,310344.72337085084
2536,230641.97420437404
2537,233247.20298790175
2538,183119.6815525074
2539,188058.07691232208
2540,178093.25506417398
2541,178443.16311201992
2542,165225.73692263616
2543,125392.94614162005
2544,124216.15412065866
2545,132245.12304086584
2546,123388.18433007004
2547,135802.50766422725
2548,158462.67865027
2549,155551.65870378676
2550,300086.1040140005
2551,136125.74603912
2552,128318.21388769167
2553,79849.93889702208
2554,97210.36262860773
2555,117575.91629301388
2556,96936.02623862438
2557,103828.40733930664
2558,149497.36690996817
2559,142004.18780909124
2560,152046.38974253112
2561,143652.3758379585
2562,141826.9469374342
2563,152349.97377322533
2564,206055.21359210773
2565,137850.4224685754
2566,163257.05340670803
2567,142017.62592150786
2568,209443.15670359557
2569,219136.85474378197
2570,115172.49033574511
2571,199018.2354342859
2572,153290.55882171032
2573,224211.3841148706
2574,286402.82271952514
2575,133866.32688306307
2576,126433.7092526506
2577,159696.67060397656
2578,82302.59070312923
2579,62938.40082433448
2580,95292.53356981784
2581,97015.94156182003
2582,94651.26002826498
2583,294048.6581116257
2584,172524.87278880057
2585,186100.36107306735
2586,220450.84927512222
2587,195743.74449220428
2588,147505.45877041714
2589,149342.24668143402
2590,214512.81292532868
2591,225855.75246530803
2592,216671.88924585268
2593,259508.34229448356
2594,184057.68473300184
2595,195969.4426020615
2596,310134.7980385607
2597,177397.249646425
2598,291432.441993047
2599,335304.80617695226
2600,150876.03179574397
2601,146502.29183620148
2602,83583.20158938669
2603,93905.62335587582
2604,88425.50152435698
2605,81552.35154256452
2606,146129.03622648842
2607,211640.90483149604
2608,204798.37648971527
2609,171602.41194339073
2610,112717.02029887619
2611,123840.1385988787
2612,158678.77573038853
2613,131640.81060473714
2614,127085.90168824552
2615,155518.86316689063
2616,145179.28584052436
2617,179268.21211528618
2618,208303.4877544299
2619,199532.66122499845
2620,185582.0851345745
2621,177253.55907058407
2622,182154.94515576796
2623,240949.8782242756
2624,310415.9050097591
2625,291979.6282679981
2626,172541.87443350258
2627,163240.9042486357
2628,497604.8905144203
2629,507937.9715036897
2630,354330.18885367305
2631,470580.7383713552
2632,439325.88601061906
2633,308956.1811353068
2634,443270.53007708397
2635,157096.68685082975
2636,177623.70743406305
2637,171285.22419483314
2638,263130.3142873918
2639,185288.3202601412
2640,152576.69083595948
2641,107996.12064251093
2642,197820.20073573187
2643,102878.46369939717
2644,125733.66024085433
2645,107851.86078624881
2646,93947.55582157905
2647,105907.03232224562
2648,146080.98186820003
2649,146134.61392888107
2650,140548.70276593667
2651,141056.06965903298
2652,413330.47441938776
2653,247704.26415838636
2654,236450.4580472272
2655,401468.4272517156
2656,325725.11462068534
2657,367027.85416653793
2658,305820.0279134639
2659,297920.5528684943
2660,363039.223001049
2661,359665.92599369114
2662,353079.2727885962
2663,288377.10427077493
2664,269220.0306438704
2665,334227.3653332017
2666,282471.13993942685
2667,168604.77230937287
2668,176566.71478108322
2669,180484.8585181594
2670,289179.1712954294
2671,184934.9000920713
2672,193469.47585734414
2673,203207.27453232376
2674,198735.56571703486
2675,168997.1323384199
2676,192611.4757431843
2677,198822.6907716669
2678,264267.9817299943
2679,276325.7216887103
2680,286309.55062953196
2681,418214.15965799167
2682,323906.23107528425
2683,538692.5024702214
2684,322606.3498543145
2685,334966.45634000347
2686,253841.77152733828
2687,318059.7917238288
2688,215275.78898402874
2689,206567.541328931
2690,421952.7659125905
2691,191034.76901458888
2692,134544.02110529412
2693,200207.14491220252
2694,137585.4855571724
2695,193352.98385614573
2696,185039.81399451336
2697,187456.70432142366
2698,193395.88641667494
2699,179964.12657054674
2700,158293.2486038444
2701,146066.0832891494
2702,113589.89474902874
2703,124501.79478208121
2704,138845.91493536351
2705,115638.96412634624
2706,115029.56618683405
2707,123447.38462529801
2708,131332.82684396012
2709,108845.27254557624
2710,126651.21398915123
2711,275912.4581968865
2712,377181.29790642613
2713,167135.890927788
2714,150953.2690701391
2715,170082.0898863913
2716,148075.45594630673
2717,185215.03694110553
2718,222343.82273865447
2719,158073.70178468135
2720,174248.44139254474
2721,130215.69106756445
2722,169410.83932677444
2723,142531.3017650337
2724,126607.76351034422
2725,129809.09475258866
2726,148408.2385077044
2727,177994.203337688
2728,174912.03741346233
2729,149389.64950613867
2730,149128.51002877942
2731,128755.00584319742
2732,123551.6327223144
2733,162812.62728439443
2734,145670.25767265982
2735,133307.64882363044
2736,146171.12894606643
2737,121806.65489672609
2738,136888.37579976558
2739,162878.2393314499
2740,135134.05189083517
2741,137185.48032573645
2742,150239.28657641783
2743,158753.06681788346
2744,160091.47990068016
2745,140600.70985673342
2746,135231.9017269744
2747,140198.83537911245
2748,115964.89844286443
2749,130823.80592468876
2750,136229.84396919838
2751,132805.63753218428
2752,189269.32224841995
2753,153103.20580987885
2754,215019.22023420097
2755,130957.58542078773
2756,93210.74542872192
2757,68542.03890491076
2758,85618.92974578224
2759,154361.57159697302
2760,117596.68608078516
2761,146202.21231043618
2762,144207.99616632378
2763,180304.22112001758
2764,144765.56482181247
2765,300403.4853096834
2766,134325.0984158977
2767,85326.6596909453
2768,124139.39045169626
2769,125424.44152241503
2770,141299.66996077966
2771,111335.71374145511
2772,114188.01063481484
2773,161103.6522243484
2774,139024.16830839653
2775,110823.12438281997
2776,141509.3707806464
2777,142075.32374045663
2778,106763.77175675415
2779,117333.65019004287
2780,100989.36564016357
2781,95810.88182253415
2782,94024.47829150561
2783,94508.92073051214
2784,127570.68918653754
2785,138733.6046933803
2786,62406.54877604908
2787,121754.30690570871
2788,74858.04043973147
2789,174402.98446764782
2790,97954.59755617476
2791,114997.74274315807
2792,57894.938752021386
2793,165192.14553030694
2794,92439.97943828622
2795,118559.70587135876
2796,97663.1018982946
2797,193321.89499702884
2798,106276.15074995845
2799,109439.6435949669
2800,67512.8631014914
2801,111559.59505465877
2802,127449.87665653302
2803,152826.00837928292
2804,135112.39267501194
2805,98966.95345640507
2806,82045.19917840319
2807,156643.96512407396
2808,149276.3931843727
2809,137594.74924655276
2810,127200.24520455963
2811,160292.17049538266
2812,154367.38167523974
2813,154300.01009223767
2814,154260.9516507528
2815,92171.83662554405
2816,246960.88778476656
2817,156702.5470763218
2818,132454.53992135575
2819,165707.32431936997
2820,134611.40333301856
2821,99421.38987529775
2822,195040.29097842294
2823,297652.43115585606
2824,175739.53363711023
2825,147200.7477404953
2826,130870.199439082
2827,134572.73879725407
2828,221245.28964637272
2829,220048.9895309477
2830,235835.12572950017
2831,174545.8385394479
2832,251371.57173890006
2833,300623.29260261875
2834,221262.74685485844
2835,219941.06297029683
2836,194050.85421661296
2837,160988.24543248792
2838,149213.7904585279
2839,172571.02365618356
2840,196760.02104886543
2841,205704.32097187501
2842,227453.59363266756
2843,150577.3766463424
2844,161494.0358461164
2845,124305.26669268045
2846,210785.5060890764
2847,199118.9997163689
2848,217418.34546043305
2849,200026.99837448445
2850,285701.42313631496
2851,221762.95425376555
2852,235365.62257783033
2853,239370.52512303178
2854,139762.0458741143
2855,203310.32760019443
2856,203415.05903820012
2857,191090.92548135482
2858,206811.8953290878
2859,122239.40987396409
2860,128946.78734868186
2861,124296.56035074218
2862,188400.0295825446
2863,128485.28639406303
2864,236195.19130689942
2865,138019.07704232598
2866,136665.26858408304
2867,97150.60803622035
2868,94465.92598995403
2869,103707.59339868285
2870,127448.91948778086
2871,84776.49229355097
2872,52649.68080517589
2873,100700.01106618746
2874,133485.19440327023
2875,121018.2849262453
2876,162296.45026055726
2877,138729.77884904508
2878,168788.29730186646
2879,141320.8423503114
2880,100986.92947434341
2881,155669.6378870797
2882,179191.4778212708
2883,201008.18388045154
2884,202513.96692238556
2885,193118.35386920348
2886,242351.7457229365
2887,95968.06298655811
2888,138743.44177588666
2889,59714.41549334994
2890,80087.51170290721
2891,140717.51420344893
2892,41334.145908236635
2893,69552.55145417935
2894,45638.17210456517
2895,345660.71955175337
2896,291349.46280577546
2897,203242.69557098686
2898,149370.11493913637
2899,207533.79193285634
2900,157130.7924463975
2901,204931.09892924313
2902,193881.17153643776
2903,328232.8814517952
2904,369773.44703234534
2905,93830.32515392623
2906,203240.10132328648
2907,108939.93852942757
2908,131166.49338970878
2909,149451.7970751005
2910,77699.01856397105
2911,80726.57824078303
2912,146596.94737772088
2913,86451.90409031816
2914,77078.11898809917
2915,85856.54196252124
2916,81637.90300696502
2917,163173.425503203
2918,119339.46047631578
2919,219495.95486526628
