Id,SalePrice
1461,122153.31891016103
1462,160184.9957201799
1463,187088.37183774982
1464,194762.25525100707
1465,193821.96266472715
1466,173928.06346770568
1467,179425.52545579293
1468,163569.98545127377
1469,188346.2369674225
1470,120247.89883693466
1471,196862.58934751165
1472,94143.57832037569
1473,95863.38256966241
1474,148798.8441944446
1475,120694.02590536333
1476,385092.97107000486
1477,252343.2216843269
1478,280994.60551670607
1479,281075.338148318
1480,458701.2067190776
1481,337510.21212168946
1482,205172.96294540615
1483,173874.99838412332
1484,163912.46813736722
1485,176694.46947510575
1486,193230.63056305083
1487,342491.24456841114
1488,233328.42368003895
1489,204633.44616789283
1490,227500.93401773446
1491,193429.70453568903
1492,93873.14299720764
1493,181462.90618379644
1494,296852.48013292707
1495,290790.18698276253
1496,242588.53108205952
1497,183185.9481421484
1498,165348.66427348528
1499,160149.3024995114
1500,155852.47494301104
1501,177521.77478684732
1502,143537.68142737242
1503,295490.140897524
1504,238904.2819789028
1505,230356.1737551277
1506,181660.15883008862
1507,247720.23857440107
1508,204718.55574024233
1509,157716.85634326542
1510,145894.40274999998
1511,150159.53353606514
1512,173577.22894913665
1513,149878.48908418865
1514,156812.00019465122
1515,190470.81991079345
1516,147506.73710761862
1517,166293.49427001973
1518,131404.47026127297
1519,222134.53438130248
1520,134550.98533979777
1521,134234.24542245083
1522,167451.95462730207
1523,114839.94153331988
1524,123039.65832535984
1525,122896.12697187472
1526,116774.2621560625
1527,109198.86368085227
1528,133119.68406376924
1529,151287.2963380723
1530,181737.05197092058
1531,114616.01496106191
1532,98744.31924515532
1533,151676.61012505987
1534,125223.05151537659
1535,152583.9671386068
1536,108145.25629413895
1537,67376.27133721308
1538,155412.50398072036
1539,188997.87374184834
1540,96287.7510246154
1541,139629.51212840018
1542,144576.70696225803
1543,200350.19742002198
1544,83794.77621779029
1545,113065.35804477289
1546,130695.2872715273
1547,134898.17218391993
1548,138760.52520118695
1549,116326.30817679627
1550,136190.39209583163
1551,108227.87873520303
1552,138264.73461094793
1553,151475.79129662708
1554,113737.90881525358
1555,165962.44176137185
1556,85751.91814641637
1557,111024.0944379883
1558,92766.23953186517
1559,68825.3085334436
1560,133233.57829569303
1561,135708.9389050577
1562,128901.99746897952
1563,121491.28504389132
1564,159709.99476784805
1565,146132.8080026404
1566,236709.5376311683
1567,75636.32213760485
1568,234755.68122856147
1569,138411.4194696603
1570,134938.82242048753
1571,113909.86103840839
1572,143571.8325665948
1573,244796.5518402965
1574,113349.20755906405
1575,229110.70342608533
1576,253711.58717816605
1577,188078.75572077185
1578,142771.43120299059
1579,147401.0104150471
1580,191319.61089388648
1581,156468.43353313458
1582,124921.90770049901
1583,318527.3942323017
1584,225229.3245713604
1585,139294.84783787062
1586,68969.28763251577
1587,92777.76903259815
1588,153947.8401269361
1589,97071.12894463792
1590,133195.80989404433
1591,93524.77895262136
1592,110561.75725093053
1593,122339.9540354106
1594,146992.33089539723
1595,108255.17828652736
1596,248885.52719581017
1597,193357.9428465839
1598,211078.93779889302
1599,166479.99491590215
1600,161783.43335747978
1601,64942.53488890075
1602,112824.32846979244
1603,73056.6072623116
1604,272097.07738575427
1605,246477.45550494327
1606,173739.57231075002
1607,171528.80910991476
1608,211037.75413974366
1609,188196.66455662035
1610,150881.48823222038
1611,135523.5618472103
1612,169411.18471718044
1613,166742.20630651095
1614,127935.89536109658
1615,88716.31238623156
1616,74924.9853916877
1617,90479.55307881143
1618,123711.15128742109
1619,139580.57620457464
1620,155047.1032129228
1621,135650.78907591623
1622,140647.56305104622
1623,285619.99499466474
1624,215475.00945054
1625,116918.56361359189
1626,162103.25068473414
1627,191869.78818641015
1628,280879.7644804125
1629,176052.77459554636
1630,347273.18124283897
1631,217136.46710647145
1632,246495.00151521765
1633,168605.72718629384
1634,186003.70356243255
1635,175887.1781681374
1636,154201.0748104025
1637,200033.92565736375
1638,181544.5039785432
1639,181207.67877523723
1640,259103.10634624114
1641,175922.0554480719
1642,239127.22706561018
1643,223040.37189498523
1644,230710.15055287708
1645,203783.78972462626
1646,160223.42493327075
1647,153154.68173149732
1648,131477.86889863058
1649,142001.76117839044
1650,113158.01507434541
1651,119328.69586135275
1652,93745.9640048776
1653,97408.65168217909
1654,144442.48429905408
1655,138980.14426160045
1656,144028.1041597677
1657,148430.52402749017
1658,145085.1511592943
1659,126270.5758895746
1660,155217.13829414002
1661,431765.09665716486
1662,417880.77969695046
1663,384913.1276960024
1664,483697.63784216467
1665,308161.12215352093
1666,328304.80274022627
1667,379075.8879417549
1668,347421.2570181323
1669,300481.45358223177
1670,342458.7953724019
1671,267201.6380656302
1672,430334.2955624377
1673,296598.9026682411
1674,243474.2419334171
1675,190616.81203914425
1676,195497.4261928417
1677,218947.87773302104
1678,441844.9756959387
1679,387972.7588092941
1680,352083.54142856196
1681,244315.95310949525
1682,305831.33424326894
1683,180306.56855013597
1684,169971.0790002655
1685,172049.18056108832
1686,165620.6223668778
1687,165155.9991030521
1688,190395.31544664013
1689,192456.22668717502
1690,190976.76877155565
1691,178830.3479129785
1692,256364.90325169437
1693,162064.83733928745
1694,181847.6794762487
1695,162454.89143825404
1696,280417.99512724706
1697,166614.68681620355
1698,352172.613761357
1699,332446.90406859294
1700,248171.40252610223
1701,271659.49325279257
1702,243069.62563807453
1703,243438.96453307642
1704,291290.3228925773
1705,219956.60905366074
1706,359019.3980037364
1707,214347.10475652944
1708,210925.39635903918
1709,275257.60983572085
1710,219323.47406977558
1711,259735.34736297908
1712,259422.29061614446
1713,288828.1070472496
1714,227191.94046664017
1715,206780.6414052941
1716,188762.08158260636
1717,171807.7381612431
1718,132601.1841881622
1719,201249.81045538254
1720,244508.65138269903
1721,166128.8750539565
1722,124016.49504205817
1723,158985.8921026269
1724,212356.76156622867
1725,239219.38508499504
1726,187954.3214598154
1727,158623.06626198196
1728,174066.22863864782
1729,162795.27198369007
1730,155778.7024861973
1731,123185.24424442374
1732,131206.97815403633
1733,113830.19129032298
1734,121835.8224820602
1735,130225.28636415112
1736,113953.31651644123
1737,314456.8008065443
1738,238322.90712092465
1739,255340.33715070866
1740,214945.3919654351
1741,195926.212451989
1742,170779.50220820523
1743,174805.97556968854
1744,322474.07345019694
1745,219516.3035077434
1746,178394.92555390482
1747,210920.94574734956
1748,225148.06145582825
1749,151703.34133924657
1750,127870.64544666758
1751,247902.10312805063
1752,119926.77818536118
1753,147833.87439267128
1754,187862.77924816936
1755,170650.29531235597
1756,128574.0093167286
1757,120796.54607192092
1758,146526.50335998184
1759,159123.4238014932
1760,167059.69044398342
1761,143161.36781700648
1762,172967.05150965592
1763,174447.4491156459
1764,113570.27565523487
1765,168224.1778740735
1766,179070.10178867186
1767,228445.16462295555
1768,144407.44463258286
1769,171440.68304553878
1770,149481.7406533226
1771,130535.45682897758
1772,136989.95681932868
1773,134855.5976609179
1774,137987.63877842485
1775,143361.82648838524
1776,122969.11868913149
1777,109680.13945354692
1778,138041.13624862678
1779,112680.34837109706
1780,170281.52174195534
1781,124815.2861073156
1782,84259.7614678053
1783,141609.09559856434
1784,107588.15276464503
1785,123581.82100908934
1786,149396.64448647044
1787,163397.9186577119
1788,59671.854009980554
1789,98013.89403520733
1790,76787.25771830944
1791,181032.1867429653
1792,156229.09055773923
1793,133447.70575915166
1794,148355.92617133525
1795,136054.88649203355
1796,116719.1089822168
1797,114616.98765726526
1798,127322.49402827682
1799,109698.93081418968
1800,129559.38662763947
1801,129361.14145969815
1802,123159.51477938416
1803,148153.211958929
1804,144423.36714262926
1805,136753.0536981279
1806,122807.92570965152
1807,129831.4699562609
1808,115574.15744895364
1809,121791.39183356224
1810,135056.05306147173
1811,99393.91237373318
1812,100118.76828774354
1813,122933.13900640234
1814,99513.28969194784
1815,54949.03605639736
1816,97678.21493926116
1817,113595.80359836572
1818,147416.94083898558
1819,123507.05074437957
1820,50508.33703546135
1821,110443.21469450417
1822,148245.09158760976
1823,38038.814776335515
1824,133772.6504632583
1825,136403.8020036913
1826,100429.85294225671
1827,100020.04577225435
1828,134270.0594433558
1829,120567.42724935844
1830,139517.96944776113
1831,144763.03912677045
1832,79562.79117383076
1833,136164.52042212585
1834,118915.9835147188
1835,130559.96401889662
1836,123545.86458012823
1837,95531.03488552028
1838,128448.7807046324
1839,94902.95092871081
1840,166111.70777611827
1841,146134.49386628022
1842,85710.91040182696
1843,124491.3654958773
1844,135090.99717350825
1845,142526.58983052179
1846,156195.29818995227
1847,158454.00248114005
1848,54172.71369554876
1849,104153.5167421065
1850,114581.03350013438
1851,152478.27838101928
1852,121921.77909395985
1853,130418.39908472619
1854,164528.4003763165
1855,138979.98037034716
1856,223645.3287601718
1857,138230.20905405216
1858,139838.45312037054
1859,116104.08082713229
1860,147909.34509280848
1861,115727.53643335066
1862,309059.60437481053
1863,292692.5282850164
1864,292731.9645288123
1865,340015.91382178874
1866,344871.32712661463
1867,232920.36674153653
1868,295693.75611974066
1869,205988.92992668785
1870,234746.14504547915
1871,242448.5264711425
1872,169377.73558474242
1873,243356.76517934422
1874,144728.14814568378
1875,197943.7879770039
1876,197122.1607883513
1877,211633.15636861094
1878,199761.42805404216
1879,131757.24569782586
1880,135012.82219193887
1881,251040.38720595674
1882,249442.22407754487
1883,187980.41363876208
1884,205481.48806431043
1885,242291.0167019141
1886,289868.5423479396
1887,213133.3298536059
1888,278954.1103822921
1889,162422.2361545745
1890,124162.38316415258
1891,133012.55921534024
1892,99522.36713597865
1893,131503.3223649584
1894,121569.01098917966
1895,135054.9415503515
1896,122802.07993875166
1897,118955.64336179954
1898,110847.68218585844
1899,157203.1509459273
1900,158726.90385338047
1901,173920.19755135057
1902,156589.55755183392
1903,220520.37768938867
1904,149100.70091511682
1905,205957.113817824
1906,163417.39714402272
1907,210323.67796028344
1908,104976.83681966497
1909,128070.64403727185
1910,113819.31525369329
1911,219604.34563672054
1912,351473.4610394886
1913,143369.55343884256
1914,51084.889179357364
1915,342110.41072315146
1916,70689.98504904806
1917,249749.73006952342
1918,140723.8998577725
1919,172925.76628063404
1920,148658.75983641425
1921,410509.4621798643
1922,317612.4076682009
1923,228729.45617363983
1924,234653.8821961476
1925,195276.37444560914
1926,389096.29368684883
1927,133148.75025452196
1928,154026.66211436316
1929,128493.85275581985
1930,125099.17101377064
1931,141536.67485259092
1932,138576.8822760459
1933,181659.8388924393
1934,180955.42689072175
1935,169272.1175604991
1936,191445.78963162217
1937,183577.89141926804
1938,170615.55143448935
1939,242886.72749799458
1940,189355.87912313797
1941,172157.50418141545
1942,188320.6735143997
1943,209471.8447292917
1944,374247.7904996456
1945,401413.9542644429
1946,144236.01136999737
1947,305515.47742359823
1948,161188.29246957376
1949,256238.83514631842
1950,186412.57210987745
1951,252358.4689881525
1952,221125.69699958095
1953,168273.9359962437
1954,188013.7936061689
1955,135128.6171303013
1956,327053.7426050375
1957,153485.8415336057
1958,311727.8512105631
1959,142090.74504295958
1960,118058.00542885008
1961,121656.65433376069
1962,93771.22667913204
1963,103269.20605552183
1964,109059.63270278608
1965,146413.42911929035
1966,138626.9475128942
1967,282024.0599259778
1968,415317.2713291618
1969,400526.7194025681
1970,417123.4762022799
1971,478203.0553487039
1972,406235.9602495587
1973,260851.1576360343
1974,333199.6817338816
1975,534534.1029697565
1976,271123.93223925756
1977,351307.4174207941
1978,354496.93818302994
1979,331756.6529582477
1980,198554.23482561973
1981,352773.6244284185
1982,220462.64822939708
1983,202481.47076283224
1984,167956.9426085173
1985,224331.54652353603
1986,211735.58880894192
1987,175596.1594028839
1988,175057.96142290576
1989,191388.47032278977
1990,209831.1083603391
1991,240273.09236846134
1992,218193.97227027922
1993,165108.0813317404
1994,228308.51088900425
1995,183422.37430267187
1996,251915.3982415246
1997,320362.66056640516
1998,332383.64258650073
1999,261382.78612925214
2000,329651.2269241565
2001,276802.41130231565
2002,240832.18660076457
2003,259984.77040754014
2004,277559.9674100229
2005,214854.78576595098
2006,227244.92467726266
2007,255673.86274617203
2008,218249.0053339604
2009,198465.17634994557
2010,191563.8010920811
2011,139201.17620234902
2012,171600.62380093444
2013,179156.44673580036
2014,186977.84222133658
2015,199951.07225696064
2016,192847.39868976505
2017,195257.51585547545
2018,123816.65210887845
2019,131373.95590334092
2020,110878.88724566047
2021,107105.04531802985
2022,181232.77775637317
2023,146399.00189500826
2024,256097.49563914034
2025,352243.8811911727
2026,174505.6074570886
2027,156081.49729285063
2028,151690.10716152692
2029,173022.20177046527
2030,281930.57556847367
2031,231283.63468362292
2032,248392.43162958242
2033,275447.39090120484
2034,170706.48682621802
2035,217174.88649949274
2036,201307.49816984136
2037,207846.88087820236
2038,331608.53586023586
2039,220421.51492531653
2040,279054.4521235306
2041,301601.8937366473
2042,204870.90362766685
2043,173902.2769558843
2044,155400.3499930798
2045,218219.5082917766
2046,140765.66688055365
2047,144234.03104425318
2048,138823.15798469505
2049,138067.5523433556
2050,179339.1509504521
2051,103733.07706509138
2052,124865.45620029383
2053,148792.82755223644
2054,88935.83707786373
2055,152349.20544528135
2056,141004.0662291462
2057,110955.09009668276
2058,217262.7555674349
2059,132632.71181605518
2060,173881.42938478943
2061,171541.81809930026
2062,132289.05857123167
2063,113170.0231509281
2064,139145.44748991256
2065,119515.61364178179
2066,160832.1305782715
2067,103982.70431506755
2068,139118.36662114397
2069,83644.73557244995
2070,113273.34781622072
2071,101570.99873532179
2072,132998.10020322216
2073,135613.22065019837
2074,187246.54037662683
2075,148269.4883931293
2076,113028.77413801676
2077,162406.57552137136
2078,129852.14660090356
2079,129766.96637507073
2080,120686.18829326233
2081,126648.57930807625
2082,127146.36016995525
2083,144428.8658203007
2084,109352.36370425884
2085,119237.11509923899
2086,108219.65433414647
2087,117267.99533396991
2088,93963.69075872113
2089,77592.72955260785
2090,130443.11789504104
2091,117683.56981062806
2092,125035.69781773246
2093,117612.68324465795
2094,120835.20722128467
2095,145180.45689739002
2096,78448.08629278158
2097,99805.05808487226
2098,147204.41429874103
2099,55927.20698609153
2100,81691.8748995916
2101,114018.56222269451
2102,123751.23119418457
2103,101008.17435785114
2104,129513.1443621554
2105,128957.2955471731
2106,70112.52490281509
2107,205889.8699887421
2108,114316.47798496103
2109,110579.96095899977
2110,133538.69720353585
2111,145269.63162230037
2112,141569.56148051412
2113,122276.3408893685
2114,118350.05761650017
2115,166339.49673184232
2116,115038.95336304551
2117,150362.6622791449
2118,120320.49651481684
2119,112510.94405214029
2120,109982.09292936724
2121,132439.7254552213
2122,117998.44267490115
2123,83050.28354413857
2124,159193.7941008271
2125,122439.52306197397
2126,154872.6946905068
2127,157377.20327455553
2128,128484.84099407648
2129,95562.18852055795
2130,139258.17759086157
2131,143072.26748294212
2132,115705.88974539304
2133,124405.67958192078
2134,120913.0151072685
2135,92990.63806607605
2136,78811.58151291886
2137,107987.98501873578
2138,132493.21021773017
2139,148903.73037313562
2140,139399.41524310032
2141,150574.68543551303
2142,125628.0363627087
2143,147522.9753929757
2144,125847.73690177618
2145,135217.59822658074
2146,167483.0538089434
2147,132453.01316659746
2148,136057.1202718074
2149,150539.83218361886
2150,226873.29892092204
2151,118899.40921059686
2152,166665.50622740304
2153,163616.4806619457
2154,106860.86871998418
2155,140490.84287884127
2156,257544.50261340424
2157,237086.2580961214
2158,231167.87475528757
2159,205169.53923400573
2160,173099.02790878146
2161,238388.33778900665
2162,407428.67699189024
2163,354712.5420100315
2164,242071.4428844105
2165,201431.21988565955
2166,153604.82910726184
2167,218055.41414058924
2168,200107.18969541864
2169,193701.69263386293
2170,218443.06723505922
2171,154580.49962656683
2172,130090.09971314279
2173,163586.65547167516
2174,229809.5394636646
2175,305621.8873223429
2176,311022.05868231
2177,245292.1762637374
2178,212286.01903479858
2179,139403.48344034216
2180,203526.12565953552
2181,189000.60328093605
2182,227825.44811525661
2183,192534.18278673713
2184,122830.9718627742
2185,113638.05441319963
2186,145558.34054489885
2187,147626.81566592824
2188,150879.99466990345
2189,268047.6196582295
2190,78991.48097092546
2191,81128.80827325521
2192,89472.6412373647
2193,105458.90474083515
2194,101592.47563155636
2195,110358.91851211849
2196,98264.47094136859
2197,119380.19225235101
2198,155902.0544525486
2199,175713.63284284633
2200,150100.47138143927
2201,149301.86397386258
2202,211835.14658170263
2203,138806.55642359838
2204,187980.33529235423
2205,120917.92037049979
2206,142671.75820481437
2207,209051.901484697
2208,270899.51881457574
2209,239514.98212689723
2210,117220.27750748592
2211,114793.10755265105
2212,118604.67260035001
2213,104790.90100877489
2214,127909.92206497057
2215,99361.5501019057
2216,147238.7996693139
2217,65151.838966093885
2218,63278.80137596956
2219,58980.16730823518
2220,61191.632798899154
2221,337175.0266551534
2222,290639.2465157046
2223,297903.17311038036
2224,208835.00586846753
2225,122093.21829138954
2226,188673.8369996218
2227,201271.90737970965
2228,255922.09141876927
2229,257936.91274981783
2230,151739.31212313563
2231,213712.88956642282
2232,177276.16259488006
2233,180824.41198298198
2234,233061.73113236728
2235,211940.84905061463
2236,264182.46174898895
2237,332568.88725625566
2238,201897.12388018033
2239,111319.55741518918
2240,157391.88541338724
2241,162936.22685026244
2242,126747.72565916843
2243,126169.11132815677
2244,105029.47165201821
2245,97463.53054615314
2246,145204.31968291773
2247,111175.03521459873
2248,123314.8002783424
2249,120972.89968062296
2250,131235.29273769257
2251,105137.02349996452
2252,174272.844340252
2253,147124.33356470443
2254,175748.6693916881
2255,188117.66703592901
2256,175948.1990251306
2257,206290.16024469037
2258,161361.9012052238
2259,181121.14036104173
2260,162600.13090882212
2261,185066.77995200426
2262,204906.15130216873
2263,398974.83385882515
2264,458600.0404841367
2265,167504.99831081997
2266,325275.56561423437
2267,370330.362371209
2268,438327.0366959155
2269,148216.93788864036
2270,190917.75774464646
2271,224767.832214752
2272,197625.53665439374
2273,166051.3370904657
2274,179782.64356654053
2275,163527.42505748468
2276,196630.28106773796
2277,179961.54048960045
2278,145606.52417675784
2279,125851.3892871591
2280,117785.52458005717
2281,171520.91682989872
2282,187834.80155186457
2283,103915.60357567412
2284,110816.2622181221
2285,143473.70037489638
2286,125022.88774680128
2287,361904.9057000015
2288,265572.25112930615
2289,383785.0197131301
2290,459112.39561531827
2291,322493.2896219327
2292,465019.5104718028
2293,465122.14687674766
2294,413894.1723116683
2295,471917.3973689569
2296,299346.1275604421
2297,329504.1058452934
2298,335135.5548737179
2299,370994.2176885822
2300,334826.84173011105
2301,295739.45628882345
2302,246660.55415999136
2303,237334.69389762435
2304,236475.2312476309
2305,194672.7102078
2306,192339.40164169722
2307,196174.40445471424
2308,225285.60502340243
2309,287447.7580865945
2310,205485.21017613928
2311,200099.49436501515
2312,176447.9349736198
2313,173766.2952720869
2314,166312.48399508276
2315,177277.67404140535
2316,195151.00910985694
2317,188321.15771068135
2318,181136.81684557724
2319,179807.0933139364
2320,187722.19546588726
2321,241233.23032632688
2322,174275.6662778455
2323,182917.92019616833
2324,169065.04363660887
2325,216217.2152547186
2326,168079.7726871085
2327,204492.9756677158
2328,223819.8182335729
2329,190594.8007428292
2330,182378.50399173508
2331,361766.0729935423
2332,394080.5098132412
2333,325852.93758006406
2334,256149.5100822396
2335,263708.22226723866
2336,335270.89808113244
2337,208572.5859557583
2338,281082.4721821373
2339,211608.93570468205
2340,413700.42011773674
2341,221819.35810839804
2342,235047.13935177075
2343,226907.61336500043
2344,217562.70981167763
2345,230655.58761887328
2346,215231.077641495
2347,204292.82763821667
2348,240493.36053784663
2349,183392.03354988943
2350,304887.542327253
2351,264198.65522816963
2352,257026.66285817506
2353,238401.63426824068
2354,137446.28865752046
2355,145523.87745203695
2356,156309.33330152405
2357,191972.02435637667
2358,195341.1364989219
2359,130821.84886885936
2360,116820.238727357
2361,143826.41006412395
2362,269355.70322189754
2363,136003.95499366996
2364,153447.9642367072
2365,220990.33878961724
2366,189521.25827118277
2367,227468.76679837654
2368,219210.21227775986
2369,223372.88827226037
2370,172566.38791917454
2371,168592.544207211
2372,199011.67763267897
2373,282198.510024518
2374,317328.2938518538
2375,254381.62073452852
2376,286226.2881219754
2377,357187.1888878586
2378,141597.9709779668
2379,196918.3832193576
2380,145594.46626082328
2381,167549.32001781103
2382,196381.97980819698
2383,206273.33577865263
2384,251356.25759844712
2385,162305.8342087549
2386,135871.7948489288
2387,134837.700973701
2388,101655.93180636932
2389,121380.95986304992
2390,141451.26728391382
2391,138401.2322824113
2392,116179.36954645383
2393,166961.40553199107
2394,141186.20686110892
2395,202980.1093258474
2396,146215.73972229706
2397,218898.9883936502
2398,128970.6023362738
2399,61393.79914230444
2400,56653.40169655851
2401,118876.92936565731
2402,135014.67551441793
2403,139294.74486534498
2404,149462.38647425853
2405,157715.23858370437
2406,139267.98489975618
2407,127327.06848768072
2408,143577.66090881766
2409,123847.4469742411
2410,162814.2012522105
2411,116144.99046166449
2412,158981.06816982894
2413,131312.56657302345
2414,146290.90747623358
2415,131023.83283143381
2416,124456.8260955573
2417,132439.95202372392
2418,131393.99807323437
2419,128189.46757324977
2420,124711.7698608062
2421,152297.4780620532
2422,110055.48779693617
2423,121954.47968041524
2424,156252.7468254256
2425,194917.89625902788
2426,132041.3877837703
2427,137075.45136678623
2428,178045.3812418134
2429,115496.94782175457
2430,131494.986470675
2431,103634.92796291517
2432,149389.88631526215
2433,151852.7220981625
2434,144628.02212346203
2435,156089.72342498033
2436,106241.09176540986
2437,106697.45554122434
2438,123422.10697205509
2439,105873.64071619193
2440,119149.37895765166
2441,93995.93636738014
2442,96691.91119862291
2443,124105.39286198565
2444,128907.35948267719
2445,86891.01214100809
2446,136131.86649495756
2447,179972.6351785612
2448,130810.55161798515
2449,107301.5287986311
2450,151786.00905146322
2451,125625.16129732238
2452,200242.49576454403
2453,91719.24666189069
2454,114471.22965786423
2455,118777.54365035488
2456,134930.24339935632
2457,130495.11548582901
2458,124520.01679651867
2459,113622.13868286274
2460,140433.10125419695
2461,121201.61452680534
2462,133672.5990618643
2463,123927.39525998794
2464,173309.78860611416
2465,146386.21182239795
2466,114736.48610038396
2467,134488.63039693225
2468,81067.8102896813
2469,78708.61025068453
2470,186833.08026269404
2471,211602.10140965448
2472,157730.70232420915
2473,120546.1558633897
2474,80378.17656519344
2475,216791.52269297407
2476,115726.10783091806
2477,131780.5624582612
2478,153501.44477793985
2479,107187.9069451121
2480,154219.10387280717
2481,125505.79253361374
2482,131447.69119573367
2483,111515.12100650738
2484,122355.20210495897
2485,125456.38635238873
2486,158431.32485871157
2487,168173.7918912564
2488,158473.84118083233
2489,149181.07121248447
2490,146804.59664322698
2491,92260.10253307343
2492,183210.30560003102
2493,140586.6325214347
2494,139631.20413934044
2495,85507.83077878383
2496,233449.25731747507
2497,153007.34547928668
2498,107876.53666559441
2499,91829.20560189892
2500,126803.97789288893
2501,132348.2088657694
2502,147504.43174579737
2503,94606.86489981608
2504,190646.96501319433
2505,220094.26683552162
2506,253773.02809124478
2507,284373.7347976204
2508,254300.61838289205
2509,219774.7574932166
2510,218580.65849590115
2511,174079.1812037581
2512,205901.4534604009
2513,221467.87684338668
2514,257570.3722048147
2515,152692.98012357097
2516,167708.1459566858
2517,144226.33052233033
2518,156585.04109969386
2519,228671.96683979253
2520,211182.3990331314
2521,187571.64175528663
2522,223473.24081225734
2523,126083.612608367
2524,136867.9666751359
2525,147863.086704156
2526,138788.9072105976
2527,119870.83734351909
2528,128814.7577905009
2529,137590.4122007329
2530,119335.81196286167
2531,257935.59076333413
2532,230073.87472829618
2533,195162.57677632957
2534,236734.20997118988
2535,308201.78878961195
2536,232725.4660038765
2537,230384.36909185207
2538,182416.76413221192
2539,187219.16853567338
2540,176457.34003473978
2541,177121.41858411604
2542,167835.56645175323
2543,122738.35975147903
2544,122560.80914407437
2545,129256.70842161104
2546,123470.98013267144
2547,132158.51401419722
2548,155440.55530240736
2549,157110.94994054185
2550,267617.46694965666
2551,137577.84138525484
2552,124997.52109515283
2553,77494.30931929073
2554,99815.68375019272
2555,115792.0342641803
2556,97703.64145357555
2557,106076.18911216302
2558,155802.1209101253
2559,140581.0438594826
2560,151581.7255834131
2561,147487.8549740103
2562,138143.32363159303
2563,148664.93143736533
2564,201454.92499634993
2565,134215.3893647952
2566,164186.29412837638
2567,141685.62310282708
2568,210182.84880863255
2569,226700.30424635095
2570,112810.6554155372
2571,195482.1176338472
2572,147960.199603395
2573,233609.06080585113
2574,307166.59805448994
2575,128974.65052299149
2576,124698.6597207601
2577,149387.33596115236
2578,81918.96191979364
2579,62644.53529865775
2580,91130.9132886124
2581,99820.85840363837
2582,95944.58558077694
2583,296653.1335213994
2584,177293.21766269303
2585,182957.97424358697
2586,219856.42801943305
2587,202078.12356314613
2588,148811.08715114684
2589,147731.02370697586
2590,209984.93758634332
2591,212470.3312045379
2592,215397.26681537897
2593,256827.28362184577
2594,184286.7217908501
2595,193897.83146051882
2596,313160.9041491178
2597,178245.87033785167
2598,292494.6745976916
2599,330583.55686297675
2600,164744.68857638107
2601,140872.32160931514
2602,81472.62845449723
2603,93216.45221671836
2604,87420.56088113437
2605,79578.30185156988
2606,145618.97639846898
2607,204338.7988125099
2608,192592.47132948146
2609,168578.24671880406
2610,111333.40736060787
2611,126742.06270424773
2612,157911.54112790374
2613,132529.40553514782
2614,125899.66054608772
2615,152574.1357904749
2616,143670.15966402116
2617,174938.7142080184
2618,204748.56205309345
2619,199146.96161139576
2620,186607.4206801898
2621,175680.6030002877
2622,183908.91560610596
2623,243894.37665954203
2624,319179.8844806364
2625,286899.8260258005
2626,173391.26787519502
2627,165667.01810244544
2628,519488.0128894191
2629,527122.3977827639
2630,370341.0386739266
2631,487718.6440989563
2632,467375.4460736877
2633,328147.1510695568
2634,443932.79068429954
2635,157233.24353964263
2636,175785.40427197528
2637,167747.92442103074
2638,267869.2655837475
2639,188904.06665950123
2640,152361.36323515658
2641,107172.98591607768
2642,192661.12823623398
2643,101320.64338740814
2644,122931.6630239172
2645,104597.58129212934
2646,90712.46971126816
2647,104323.99480412251
2648,145829.412542491
2649,145948.50979303176
2650,142750.25888829134
2651,143019.85910533642
2652,421110.9720372834
2653,245646.6582388594
2654,240758.1928541896
2655,408394.4657427063
2656,329029.5993110754
2657,364215.4881433993
2658,303308.4760287089
2659,299178.76398996986
2660,369309.2667349788
2661,352948.5404082354
2662,364194.01179375494
2663,288885.50384875777
2664,271291.2593191216
2665,343373.99624625896
2666,282194.6759702297
2667,165791.59712481085
2668,173647.47122719634
2669,181074.79646228475
2670,283180.20479823404
2671,181420.59427317465
2672,191473.23432444097
2673,206571.42059959553
2674,203374.43590396078
2675,167236.30113956818
2676,190105.1396286865
2677,196534.88325865706
2678,263843.9042873644
2679,271855.6769942798
2680,289639.319082313
2681,413816.3913262757
2682,329070.25048488914
2683,532896.4110953731
2684,323185.5380858278
2685,342424.84245639655
2686,253142.5703565046
2687,323740.3131636495
2688,208503.28121854484
2689,200438.20843296387
2690,436409.5563172039
2691,189691.68152026183
2692,132230.30445939943
2693,200460.81013823292
2694,134703.86852671878
2695,192300.35274844966
2696,182211.29716813783
2697,186638.88699856412
2698,192883.3155052098
2699,178085.1450301686
2700,155742.07526642087
2701,147123.86053788752
2702,112845.75535847535
2703,120358.5503984906
2704,138475.3079104109
2705,118115.27305139766
2706,115363.76951423142
2707,123626.69484562724
2708,132854.56612795932
2709,101501.73292629974
2710,126031.99077711318
2711,300139.4972558355
2712,375524.6183466019
2713,171888.34200893124
2714,148351.154559024
2715,168920.99322916416
2716,143666.8386625872
2717,182639.33092318938
2718,223710.33651905984
2719,159182.78432961885
2720,171318.03834180525
2721,134123.4652926044
2722,166611.4857266354
2723,140505.1139213621
2724,127750.58996596644
2725,131386.50522646427
2726,151157.28553008108
2727,186547.00749370063
2728,174293.49996835156
2729,144437.8606143113
2730,146704.12325857798
2731,127948.84754400636
2732,134902.275083759
2733,158541.82664641435
2734,148376.8795737667
2735,133731.56883610948
2736,141971.99540055796
2737,120322.44128754012
2738,133884.9828702579
2739,158510.48383268347
2740,136252.56152545635
2741,147621.80545894778
2742,150573.13216905913
2743,156236.62027155564
2744,160503.15615843335
2745,138105.60573850045
2746,138724.72094784782
2747,139062.3709554849
2748,117248.42818592607
2749,126770.14596237896
2750,131980.24954171572
2751,135649.47955389685
2752,197893.8919745095
2753,149180.0114804214
2754,202724.74457411512
2755,129393.94735372183
2756,95383.55275877703
2757,69491.66823448059
2758,86725.88483321767
2759,155756.14466862936
2760,122877.72724837977
2761,147201.65961334732
2762,147936.27273428318
2763,182280.79652521494
2764,149420.7137006559
2765,291681.25817303994
2766,132627.33917036554
2767,89643.7638623581
2768,134294.12954965502
2769,137261.07912015778
2770,138252.48007386577
2771,107125.8218636451
2772,112134.52268494917
2773,162964.2376326194
2774,140832.83102091707
2775,120014.39703478478
2776,138341.53721547558
2777,139733.15977867294
2778,104280.15609995689
2779,124854.94347649689
2780,98782.41172202301
2781,99467.25497652042
2782,95651.33470411978
2783,99372.8459921226
2784,126931.04161151964
2785,138023.61206468748
2786,65420.05580944932
2787,119625.07993097078
2788,75846.42089696981
2789,175364.76793903584
2790,96406.68766721923
2791,112764.7525812334
2792,54001.73758585684
2793,163914.12035540518
2794,98011.096042801
2795,117908.96488985626
2796,103030.0016095857
2797,199137.7877955321
2798,106067.84579076515
2799,115106.67095380982
2800,66888.12841710878
2801,111282.57683280918
2802,129109.81112388436
2803,168168.47374466484
2804,130587.9654750318
2805,97343.53657684589
2806,82229.91621798907
2807,158016.56803024028
2808,150636.4159949509
2809,136476.19087598205
2810,126228.20045126622
2811,158401.05794493816
2812,158320.9807250318
2813,149525.30123976475
2814,149965.60557354908
2815,101624.41122393824
2816,249652.4578559986
2817,155901.8765529417
2818,132566.3246310162
2819,161726.55608266918
2820,135087.5787616929
2821,106269.18735080166
2822,192934.52181848348
2823,295920.0318832044
2824,175254.69413877954
2825,143778.35629877722
2826,132660.6189242578
2827,135279.983576234
2828,214977.92947437012
2829,212003.1385987438
2830,229847.25859862007
2831,171500.23910731284
2832,242731.17147518866
2833,296606.97244777693
2834,218665.91109883544
2835,218932.6280327995
2836,194950.03544113156
2837,159025.6226293701
2838,148234.01412857577
2839,174262.4314356251
2840,202759.678088332
2841,200999.01750593784
2842,234264.36096278383
2843,148109.75418125643
2844,164647.07204453807
2845,124778.34194431016
2846,205802.98598773434
2847,206587.28685055528
2848,214522.50252202206
2849,201587.09889670077
2850,283675.2873700579
2851,215899.4796186395
2852,235749.9095726
2853,238712.3272800862
2854,138240.297990233
2855,201971.29384044
2856,203043.61288385594
2857,188413.6569297359
2858,205691.25392298147
2859,122536.55111598263
2860,133368.44281042827
2861,126021.69345093911
2862,185648.34237782063
2863,127457.59991991374
2864,238386.0730984857
2865,136919.05398649685
2866,132822.17590515822
2867,92448.00653523841
2868,92301.47454576226
2869,104999.43547925247
2870,129179.81848931494
2871,86410.76806424989
2872,54763.97389215351
2873,101509.80788710165
2874,136653.37421627587
2875,118574.07494369773
2876,158059.1736606564
2877,139402.75086401773
2878,170411.94770976648
2879,140396.2471834742
2880,100440.73517926272
2881,156039.06106974525
2882,179225.60759178473
2883,196526.68458516584
2884,198764.9894876059
2885,189683.470971979
2886,234614.3957784588
2887,93699.89728882619
2888,136503.78505282896
2889,56539.669123562766
2890,82642.39018371933
2891,143139.97935459556
2892,38917.14981249073
2893,69207.27729217842
2894,46082.87850274035
2895,342074.416672656
2896,289207.72556992236
2897,197626.09822495488
2898,146073.3536752678
2899,202546.15025379192
2900,160934.17297440124
2901,198584.16236418727
2902,190050.9857556598
2903,328923.6682620688
2904,371379.77376021596
2905,94281.67022621538
2906,202966.12346782844
2907,108265.47616044332
2908,130091.5107504501
2909,145110.42684351534
2910,77285.86304605239
2911,78968.3854417901
2912,144712.60069820937
2913,85828.799660859
2914,77034.70169810652
2915,84798.29089718874
2916,81447.50025995534
2917,162719.58123755304
2918,118046.45328730356
2919,215019.8928468018
